0.667789
0.416969
0.0855201
-0.178315
-0.133165
-0.352988
0.0422616
0.106025
-0.228744
-0.146447
0.261206
0.341759
0.0941099
-0.362581
-0.597993
0.139583
0.13677
0.0983862
-0.329131
0.0582876
-0.385949
0.0111838
-0.198368
-0.156442
-0.0917306
0.387249
0.241066
-0.0626989
-0.352673
0.0189189
0.218928
-0.0606376
0.050807
0.257425
-0.658841
-0.396583
-0.541251
0.253907
0.364354
0.451024
0.364863
-0.0239735
-0.110669
0.318042
0.0173547
0
0
0.514662
-0.0120539
0.1923
0.121131
0.138552
-0.174286
-0.540487
-0.220299
-0.482081
0.0122106
0.247292
-0.493975
-0.293623
-0.18906
-0.197555
0.0679196
0.658441
0.773121
0.155733
0.0975933
0.0186685
0.0260008
-0.184014
-0.11479
-0.178852
0.0363036
0.351941
0.169762
0.511048
0.0784417
-0.178487
-0.191707
-0.20784
0.157707
-0.191653
-0.0712601
-0.0949793
-0.310987
-0.314839
-0.344887
-0.00642535
0.578246
0.0904802
-0.499213
-0.229941
-0.0722378
-0.425443
-0.1709
0.0222293
0.827979
0
0
0.105981
0
-0.0171346
-0.106727
0.0161417
-0.300724
-0.109062
0.596909
0.34988
-0.0284929
-0.102532
-0.274122
-0.277544
-0.7057
0.157198
0.0276959
-0.0966786
0.0420689
0.39479
0.134504
-0.126993
-0.529954
-0.119378
0.299352
0.0486771
0.177964
0.0397355
0.0330206
-0.0131895
-0.341388
-0.267211
-0.532905
0.262104
0.0836719
-0.070019
0.398351
-0.272648
-0.361974
-0.497311
-0.0355936
0.319854
0.384074
0.433303
0.114814
-0.388626
-0.023483
0.0225812
-0.143088
0.199475
-0.180699
-0.135222
-0.416152
-0.360382
0.302256
0.282893
0.120251
0.0778636
-0.132303
-0.0103436
-0.485428
-0.305571
0.711242
0.196759
0.108471
0.0192529
0.377202
0.143888
0.0114457
-0.250988
-0.277524
-0.449616
-0.213962
0.00753031
0.287294
-0.373598
-0.360389
0.00150888
0.193258
0.0805905
-0.235637
-0.0822938
0.127136
0.58067
0.0618437
-0.0661477
0.130354
0.373227
0.122185
-0.118984
-0.231803
0.782549
0.297864
-0.394562
-0.141103
0.143015
0.0664384
-0.770637
-0.306128
-0.226234
0.0252025
-0.0219683
0.736523
0.295299
-0.180884
-0.197133
-0.117633
0.168143
0.451027
0.068074
0.318404
-0.337703
-0.283502
0.457877
0.194202
0.0932515
0.137261
-0.188385
0.278353
0.114025
0.297685
0.164108
-0.228401
-0.445385
-0.309172
0.280245
0.00344766
-0.181599
-0.417742
-0.124076
0.189636
-0.211798
-0.523068
0.222869
0.537151
0.376099
0.478171
0.133031
0.203119
0.316504
0.148231
-0.31692
-0.418528
-0.212806
-0.31269
0.0711272
0.00794363
-0.167253
-0.55926
0.0538051
0.479018
0.377852
-0.151661
-0.176045
0.0400809
-0.126923
-0.336494
-0.0429587
0.331417
0.0484589
-0.182025
-0.00326018
0.138781
0.318403
0.131904
-0.117995
0.107678
-0.148661
-0.368764
-0.151314
-0.270322
0.367233
0.0166393
0.13024
-0.134765
-0.430316
-0.0535276
0.588697
-0.0839934
-0.48701
0.263441
0.0648719
0.0057318
-0.0285329
0.0647912
0.0460778
0.652841
-0.0873308
-0.305073
-0.122934
-0.13235
-0.00368493
-0.595636
-0.660825
-0.457122
-0.0413651
0.0419236
0.312737
0.216096
0.113599
-0.234202
-0.0442835
-0.0456423
-0.289451
-0.244366
0.239785
0.542252
0.765742
0.278554
-0.124675
-0.0152787
0.240987
-0.389119
-0.0111734
0.148208
-0.0955686
-0.020607
0.416858
-0.093341
-0.522603
-0.291147
-0.0123727
0.131176
-0.268754
0.0674927
0.396884
0.0984294
0
0
-0.830177
-0.352712
0.260987
-0.0823158
0.320395
0.576946
-0.181797
-0.101246
0.396537
-0.366133
-0.0761013
-0.2805
-0.263858
0.385388
0.109309
0.016808
0.0527626
0.542724
0.501126
0.396459
-0.0531394
0.0462786
-0.25357
-0.162839
-0.249374
0.12475
-0.253675
-0.0330067
0.0251473
0.0657863
-0.105454
-0.228394
-0.286503
-0.240333
0.0708484
0.235715
-0.0519683
0.355916
-0.0307132
-0.181112
-0.348884
-0.289042
-0.137337
-0.0426039
-0.0535184
0.358969
0.531202
0.426203
-0.371791
-0.320502
0.224898
0.587551
0.358499
0.241101
0.13411
0.401875
0.0667234
0.129386
0.131261
0
-0.0561518
0.154388
0.0102411
-0.00322901
-0.136727
0.482503
0.380846
-0.1568
0.141472
0.392692
-0.166782
0.405134
0.315327
-0.0378931
-0.395573
0.157667
-0.00773702
0.060113
-0.0918541
-0.0600103
0.332058
0.217025
-0.570343
-0.545972
-0.308399
-0.282496
-0.498922
0.665504
0.737508
-0.213651
0.0180431
-0.114881
-0.319032
-0.00627374
0.391491
0.206832
-0.209885
-0.37884
0.72581
0.40659
0.0875466
-0.593026
-0.480215
0.126428
0.237814
0.372284
0.398408
0.670172
-0.265678
0.446864
0.352403
-0.0538577
-0.223969
-0.232652
-0.373383
-0.332342
-0.642296
-0.372531
0.211209
0.278026
-0.233143
0.150065
-0.653483
-0.615109
-0.0659847
0.127206
-0.0898246
0.501258
0.363599
0.0177704
-0.429799
-0.118114
0.140406
-0.532555
-0.373163
-0.0602307
-0.263626
0.106318
-0.145661
0.0455098
0.167422
-0.00334582
-0.20746
-0.207829
-0.0163803
-0.0339218
-0.248932
0.26048
0.0263397
0.0901734
-0.250267
0.0834547
-0.393887
0.194077
0.598357
-0.341149
-0.424433
0.392354
0.150234
-0.161801
-0.0946871
0.0521849
0.366448
-0.0288865
0.144499
-0.0240837
-0.315892
0.33782
0.060633
0.119175
0.12236
-0.141369
-0.237449
0.224517
-0.224475
0.0581155
-0.307779
-0.00995387
0.0128493
-0.485539
-0.31924
-0.103153
-0.00409416
0.0498642
-0.234943
0.18475
0.0854716
-0.402644
0.341756
-0.0151771
-0.089965
0.477529
-0.467813
-0.332838
-0.11608
-0.205872
-0.334001
0.360124
0.492234
0.195809
-0.414109
-0.508076
-0.845071
-0.524647
-0.532318
1.1645
0.714732
0.146152
-0.0742894
-0.109732
0.0106549
0.379579
0.117049
-0.142406
0.0884688
-0.0762761
-0.113835
0.187171
-0.18589
-0.48303
0.16904
-0.185267
-0.119188
-0.0815008
0.23099
-0.145424
-0.132809
-0.285803
0.0688106
-0.0230719
0.341701
0.288314
0.0456486
-0.10619
0.254996
-0.211695
-0.454138
-0.110474
0.0985449
-0.446251
-0.137688
0.270824
0.196035
0.550559
-0.601501
-0.0299465
0.240864
-0.397881
0.23584
-0.0751142
-0.149364
-0.00936904
0.014925
0.469238
0.0900984
-0.199975
0.136688
0.194017
0.299118
0.0266764
-0.670369
-0.636617
-0.368167
-0.0282723
0.382857
0.60249
0
