-0.126857
-0.0413163
0.246833
-0.107451
-0.16461
-0.176976
-0.243782
0.36989
-0.123136
-0.867381
-0.670348
0.203378
-0.0654563
0.0989035
0.154175
-0.386452
-0.44149
-0.0668349
0.491188
0.212467
0.19739
-0.310823
-0.00701753
0.248668
-0.174112
-0.41374
0.164752
0.521112
0.185863
-0.453428
-0.495081
0
0
0
0.391049
-0.420399
-0.224781
0.480683
0.686442
0.319898
-0.484727
0.0741564
0.358853
-0.161747
-0.0430803
-0.256692
0.272304
0.411208
0.257474
0.00806159
-0.0987671
0.260041
-0.119532
-0.570629
-0.548457
0.0589424
0.139352
0.424007
-0.258763
-0.42082
0.150012
0.608533
0.31034
0.181999
-0.0438792
0.0848457
0.44002
-0.00596559
-0.104473
-0.293491
-0.392717
0.189469
0.323321
0.468171
0.0881892
0.0996563
0.330198
0.311548
-0.27669
0.63311
0.0820843
-0.263435
0.0203081
-0.285658
-0.410276
-0.479426
0.226425
-0.348003
0.0681291
0.445892
0.188116
0.368239
-0.133972
-0.44596
0.60075
0.58294
-0.467989
-0.207971
0.147318
-0.243173
-0.021821
0.116422
-0.596995
-0.524026
-0.766892
-0.0186954
0.282754
0.390479
-0.0171327
-0.399045
-0.49387
-0.315553
0.659768
0.365022
-0.0377112
-0.378002
0.0715903
-0.0390676
-0.301999
0.090073
0.257631
-0.198813
-0.474658
0.0808394
-0.202719
0.434842
0.989703
0.167225
-0.359138
-0.0689076
0.107609
0.222274
0.616861
0.16751
0.473874
0.160652
0.0239466
-0.133754
-0.624117
0.448869
0.120246
-0.408287
0
0
0.88001
0.0170359
-0.0752678
0.516791
-0.140113
-0.521413
-0.151351
-0.00961915
0.11117
-0.548692
-0.612516
-0.622084
-0.210875
-0.195619
-0.269732
0.0672292
0.38985
0.626343
0.492546
-0.0149465
0.727691
0.185825
0.45116
0.288119
-0.480245
-0.465812
-0.152978
-0.0526088
0.407226
-0.335619
-0.540492
0.0511027
0.0258606
0.232337
0.00900911
-0.342111
0.0706293
0.660421
0.585769
0.0178843
-0.399494
-0.626649
-0.764852
0.497057
0.363818
-0.584255
-0.139228
0.222869
-0.391631
-0.549206
0.341268
-0.068764
-0.384962
0.362528
0.607366
0.370457
-0.154949
0.0190463
-0.0222229
-0.669146
-0.166682
0.262309
-0.700341
-0.78179
-0.17536
-0.20614
0.229762
-0.304981
-0.616573
-0.273824
-0.0877452
0.108795
0.570932
0.508296
-0.0316707
0.412095
-0.75557
-0.0925253
0.458098
0.327703
-0.468546
-0.993618
-0.365179
-0.253043
0.45409
-0.0632057
-0.919137
-0.608907
0.226625
0.157275
0.237069
0.444391
0.339868
0.287941
0.0575914
0.302321
-0.12154
-0.791438
-0.836506
0.133495
0.230017
0.0287428
0.0457563
0.203898
-0.0321955
-0.672653
-0.171894
0.71428
0.594202
0.0807365
-0.594295
-0.455203
0.428436
0.123561
0.136036
0.0510603
0.322227
0.0515408
-0.412842
0.0137184
0.342133
0.618052
0.172194
-0.251149
0.695888
0.512088
-0.425912
0.302124
0.618586
0.252938
-0.0129867
0.242876
0.111318
-0.229174
-0.620247
-0.309365
-0.177279
-0.151021
0.211933
-0.421501
-0.399656
0.34068
-0.165719
0.113518
-0.41763
-0.259143
0.104344
0.0802946
0.231072
-0.150035
-0.0993197
-0.535711
-0.00846617
0.0723054
0.253881
-0.139998
-0.0594524
0.01948
0.306564
-0.093797
-0.234226
0.0691244
0.41303
0.267403
-0.581729
0.207313
-0.547274
-0.0673977
0.266117
-0.0558466
-0.0542795
-0.626441
-0.640868
0.0652843
-0.022103
-0.144568
-0.724441
-0.718193
-0.0961454
0.787404
0.53397
0.220145
0.0213369
0.428086
0.256953
0.0428024
-0.370092
0.000529615
0.346578
-0.137379
-0.413009
0.136069
-0.273083
0.500608
0.141893
0.0914902
0.145873
0.399221
0.0684921
-0.482649
-0.627801
-0.349922
0.25735
0.514386
0.00138505
-0.254419
-0.0894059
0.0847032
-0.129269
-0.689008
0.090799
0.223025
-0.0105858
-0.353135
0.187201
0.483985
-0.140593
0.0357614
0.884216
-0.0328429
-0.515029
-0.018649
0.0784619
-0.250027
0.240016
0.609238
-0.25521
-0.844902
-0.701686
0.265953
-0.0506819
-0.677997
-0.133484
-0.636487
0.266128
0.557412
0.278691
-0.350512
0.0414863
0.062006
-0.386751
-0.298894
0.543384
0.0587706
-0.426049
0.0148735
0.861228
0.361393
-0.0127493
-0.27397
-0.318206
0.710394
-0.0566801
-0.379954
-0.218987
0.08118
0.471956
0.122258
0.284988
-0.238537
-0.793169
-0.227957
0.59338
0.95269
-0.194323
0.562727
0.0058899
-0.428099
0
0
0
-0.485822
0.481425
0.834015
0.222206
-0.501681
-0.0944932
-0.123866
-0.318507
-0.179476
-0.0160176
-0.135551
-0.659796
0.0422389
0.778793
0.252921
0.146042
-0.405426
-0.152108
-0.102166
0.340262
0.364091
-0.170055
-0.046199
0.263531
0.423082
-0.34764
-0.466612
0.122479
0.208534
-0.147368
-0.471251
0.175781
0.339362
0.528106
0.416259
-0.263408
-0.48315
-0.319723
-0.216263
-0.0378425
-0.382054
0.231471
0.206953
-0.0269144
0.0124407
-0.233076
-0.449175
-0.30332
0.0393701
0.321089
0.155706
-0.445319
-0.653298
0.0653562
0.79554
0.073421
-0.66055
0.198041
0.117962
0.223155
-0.511062
-0.614287
-0.204884
-0.152847
0.125878
-0.0604402
-0.308646
0.085
0.462868
0.158945
0.376408
0.116741
-0.374711
-0.0586301
-0.425498
0.396263
-0.0525369
-0.426781
-0.387947
0.301168
-0.234044
-0.590213
-0.16413
0.600354
0.832696
-0.0216244
-0.748876
0.060927
0.19594
-0.332199
-0.0919704
-0.373892
0.252763
0.386966
0.0654683
-0.502942
0.303646
0.110153
-0.219038
-0.568949
0.185289
0.577307
0.260581
-0.945489
-0.535677
0.271147
-0.0622652
-0.495033
-0.0719643
0.465173
0.188305
-0.318666
-0.177272
0.738996
0.541704
0.339744
0.658251
-0.0771062
0.0541001
-0.142894
-0.54698
-0.141955
-0.0552254
0.3837
0.375972
0.407622
0.132153
-0.675183
0.0469256
0.252509
-0.00698713
0.223533
0.0436693
-0.642693
-1.0479
-0.968359
0.438922
0.0154337
0.0150545
-0.355267
-0.0599211
0.208431
0.0142747
-0.57907
-0.131376
-0.328369
0.365818
0.269503
-0.282303
-0.383094
0.218739
0.31918
0.0597156
-0.170746
-0.439514
0.440695
0.334368
-0.395053
-0.00916807
0.689839
0.323272
-0.481419
0.032186
0.261725
-0.13239
0.163532
-0.144933
-0.0128993
0
0.473256
0.298325
-0.00428831
-0.482686
-0.519807
-0.374342
0.0644627
0.106315
-0.19702
-0.438045
