0.408923
0.161499
0.348456
0.155189
-0.284804
-0.00855731
-0.0166327
0.188283
-0.952309
-0.813971
-0.251979
-0.286035
-0.467579
0.193315
0.334134
0.169624
0.548408
0.154452
-0.248134
0
-0.0311985
-0.299681
-0.730551
0.21384
0.215925
-0.26252
-0.00674056
0
0
0
0.00334709
0.184848
0.506574
0.192168
-0.449709
0
-0.274251
0
0
-0.399437
0.030303
0.74697
0.180429
-0.299016
-0.284069
-0.0414458
-0.191733
0.124814
0.114586
0.105784
0.0308592
0.187769
0
-0.0187504
0
0
-0.317027
0
0
0.242014
-0.25209
0
0
0
0
0
0
0.337302
0.100538
-0.284559
0.0725113
-0.03918
0.0843918
-0.0566338
0
0
0
0.0145556
-0.240686
-0.197214
0.26391
-0.233464
-0.045646
-0.217233
-0.0120989
0
0
0
0.190739
0.102902
0.226837
0.18245
-0.0441033
-0.176199
-1.02019
-0.620521
0
0
0
0
0.191319
-0.0381998
0.0464889
-0.309845
-0.0892752
0.00738653
-0.207042
-0.289189
0.0999876
0
0
0
0
0.0918059
0.130659
-0.0756729
-0.322288
0.0939906
-0.402142
0.265595
0.124573
0.0518884
0.33707
0.106267
-0.320024
-0.517784
0.21866
-0.267114
0
0
0
0
0
0
0.761674
0
0
0
0
0
0.428146
0.0626493
0.0883204
0.214897
0.0340848
-0.554703
0
0
-0.0953035
0.214706
-0.321201
-0.112165
0.109085
-0.626191
-0.533053
-0.460329
0.105364
0.159973
0.0614998
-0.562492
0.00880002
0.114489
0.0567624
-0.16438
0
0
0
0.292114
0
0
-0.243433
-0.52416
-0.4943
-0.204461
-0.065659
-0.0239491
-0.134856
-0.156279
-0.312243
0.480406
0.457609
0.454388
0
0
0
0
-0.395181
-0.588017
0
0
0.700607
0.00442458
-0.210189
-0.336797
-0.353347
0.393256
-0.0228986
0.0174906
0.365615
0.204175
0.189481
0.123567
-0.200158
-0.732073
-0.334609
-0.21749
0.140483
0.185494
-0.0938983
-0.32036
0.300653
0.491822
0.239258
-0.522938
-0.424928
0.283846
-0.121916
0.0918395
0.424716
0.284775
-0.0399228
0.316125
-0.0989838
-0.137078
0.0349108
0.00456013
0.218054
-0.0450766
0
0
0
0
0.423546
0
0
-0.0719929
0.155459
-0.150299
-0.242101
-0.129707
0.328051
-0.449342
-0.10463
0
0
0.393052
-0.0516554
-0.501005
0
0
0.0503929
-0.194592
0.0424645
0.293465
-0.0373846
0.238107
-0.602017
-0.238175
-0.315097
-0.29963
-0.20377
0.255286
0.410248
0.354229
-0.155383
-0.182613
-0.0469848
0.306355
-0.463286
-0.091323
0.293838
-0.198427
-0.231728
-0.0710667
0.492162
0.28172
-0.240345
-0.109268
0
0
0
0.0312606
0
0
0.385716
-0.242434
0.0983418
-0.363194
0.182145
0.373203
0.232194
-0.438587
-0.155801
0.279275
-0.581443
0
0
0
0
-0.317703
0.509107
-0.000849542
-0.201953
0
0
-0.0307575
-0.553416
-0.0748
0
0
0.0336026
-0.223829
-0.0772239
0.433188
-0.320963
-0.120127
0
0
0
0.408305
0.254324
-0.0389526
-0.092782
-0.462963
-0.341015
0.170936
0.361024
-0.108197
0.315548
-0.368338
-0.444324
0.202497
0
0
0
0
0.186527
-0.338923
0.0411225
0.0601063
-0.130955
0
0
0
0
0
0
0
0.26979
0.110417
0.0111279
0.333561
0.039145
-0.358439
0
0
0
0
-0.136735
-0.533298
0
0
0.29845
0.21143
0
0.249638
-0.105271
0.413623
0.075514
-0.514886
0.116009
-0.280008
0.404236
0.402413
0.260225
0
0.409666
0.00341398
-0.612862
0
0
-0.164851
0.151801
0
0
0
0
0
-0.050823
0.192338
0.233773
0.560556
0.0649086
-0.132794
-0.267287
-0.153784
-0.613984
-0.151427
0.240896
0
0
0.37147
0.054182
0.125508
-0.169607
-0.0215888
-0.118384
-0.430574
-0.666621
0.0835417
0.20833
-0.471146
0.0403574
0.332548
-0.189801
0.248565
0.578376
-0.301859
0
0
-0.20933
0.349385
-0.021614
-0.38303
0.401508
0.191414
0.040082
-0.130415
-0.263791
-0.302222
-0.0601482
-0.171364
-0.136378
-0.0389476
0
-0.377131
-0.261977
0.0490486
0.136656
-0.312807
0.400208
-0.055842
-0.158937
-0.164663
0.404758
0.056331
0.172313
0.240101
-0.246893
-0.156334
-0.377178
-0.286794
0.363964
0.224313
-0.207669
-0.352717
0.0648576
-0.345774
0.229519
-0.0858747
-0.253135
-0.102575
-0.329998
-0.0203298
0.0161878
-0.0428142
-0.0904625
-0.352808
0.0510256
0.0181827
-0.0533024
0
0
0.440427
0
0
0
0
0
0
0
0
0
0
0
0
0
0
0
0
0
0
0.0338178
0.358556
0
0
-0.060818
0.058803
0
0
0
0
0
0
-0.426253
0.281871
-0.0957593
-0.382291
-0.296183
-0.0259658
0.0594563
-0.266003
0.0301216
0.0957186
-0.194153
-0.26384
0.360423
-0.484931
0
0
0
0
-0.430797
0
0
0
0
0.199779
0.475582
0.267528
0.403007
0.00867138
0.440447
0.471694
-0.259183
0.113963
0.0422683
-0.180164
-0.106889
-0.49337
0
0
-0.0809193
-0.277806
0.143173
-0.237871
-0.230029
-0.168347
0.401634
0.196473
-0.246667
-0.201549
-0.252002
0.126849
0.318998
0
0
-0.111747
0.0956917
0
0
0
0
0
0
0
0.326789
0.214037
-0.317417
0.0665227
0
0
0
0
0.507677
-0.469276
-0.265231
-0.31076
0
0
0
0
0
0
0
0
0
0
0
-0.39816
-0.29832
0
0
0
