0.375536
0.0575785
-0.44139
-0.197677
0.0632241
0.607703
-0.319313
-0.144693
0.173017
0.0413521
0.0654671
-0.0284189
0.386301
0.480547
-0.0836567
-0.446304
-0.268734
0.275881
0.289538
-0.232467
-0.345625
-0.00422768
-0.00795726
0.321195
0.178149
0.188084
0.124233
0.00872206
0.474316
0.369903
0.0686075
0.0133794
0
0
0
0.187899
0.0558774
-0.518656
-0.189873
0.13163
0.0387605
0.239303
0.537834
0.390179
0.0743696
0.0513203
0.139914
0.355792
0.76688
0.301918
-0.000209229
-0.104912
0
0
-0.666909
0.331397
0.0678
-0.0237621
0.295476
-0.144292
0.242153
0.0673788
-0.206077
-0.201196
0.168587
-0.635972
0
0
-0.422249
-0.52677
-0.481913
0.0284112
-0.51665
0.0680864
0.19748
0.265085
0.0334738
0.319544
0.758255
0.248045
-0.094542
0
0
0
-0.489226
-0.404909
-0.309175
0.0394235
-0.58723
0.0838682
0.182593
0.133774
0.40551
0.436861
-0.0740361
0.159402
0.188707
-0.0621014
-0.19941
-0.407056
0.33334
0.0729865
-0.119255
-0.360562
0.103788
0.263349
-0.0714
0.0180317
0.0165129
0.124502
-0.00435645
0
0
0
0
-0.454647
-0.170758
0.0536527
-0.481746
-0.0601626
-0.00110764
0.248996
0.228932
0.00706835
-0.164736
0.1047
-0.506647
0.0602878
0.676899
0.469064
0.116824
-0.18006
-0.210093
-0.359292
0.164986
0.144773
0.0635441
-0.0929619
-0.0520146
0.093054
-0.0768679
0.00850956
0.228142
0.177931
-0.147681
-0.0426757
0.506342
0.58986
-0.0937337
0.55397
-0.139242
0
0
0.800474
0.23162
-0.559556
0.235269
-0.141285
0.0694306
0.27835
0.342308
-0.169554
-0.0686605
0.650518
0.0522662
-0.336743
-0.0769082
-0.386303
-0.0181681
0.194886
0.183805
-0.0180667
0.536035
0.00338539
-0.0493493
-0.538603
-0.14894
0.0371862
0.21953
0.0547963
-0.273032
0.0446271
0.600428
0
0
0
-0.0466767
0.143362
-0.190093
0.105454
0.632426
-0.0976084
-0.0264337
-0.255224
-0.294086
0
0
0
0.443711
0
0
0.0272599
-0.184507
-0.105887
-0.178872
-0.444052
-0.16669
-0.466145
0
0
-0.734574
-0.638609
0.275773
-0.0515891
-0.0410466
0.112429
0.660413
0.788606
0.181005
-0.25669
0.739276
0.244147
-0.177827
-0.929852
-0.488589
0.412454
0.0460927
-0.406887
-0.442951
-0.293049
0.410675
1.14101
0
0
0
0
-0.18711
0.0319614
0.236256
0.14069
-0.314244
-0.0661806
0.1145
0.308868
0.158529
-0.288184
-0.282576
0.196675
-0.0279616
-0.00185732
0.176481
0
-0.168221
-0.499476
-0.312623
-0.116973
0.441309
0.0824509
-0.0716554
0.586028
0.811153
0.0439016
0.284222
0.0115164
-0.325239
0.11653
-0.328709
0.360859
0.216965
-0.204906
-0.791873
-0.202522
0.195248
-0.0647613
0.181669
0.193478
-0.0338687
0.230609
0.15903
-0.0358675
0.0295978
0.267876
-0.0401429
-0.667592
0.113286
0.186417
0.159332
-0.177194
0.282379
-0.17408
0.350948
0.534855
0.0107458
-0.10607
-0.226176
0.030047
0.0426318
-0.432461
-0.342227
-0.128448
-0.0429474
-0.605832
-0.344142
0.021692
0.194211
-0.0265511
0.035748
-0.131347
0.235705
0.804694
0
-0.0671071
0.169568
-0.49376
0.0168208
-0.280248
-0.133666
-0.672296
-0.759544
0.46186
-0.0900451
0.0231768
-0.21502
-0.121113
-0.121966
0.0967145
0.218695
0.273754
-0.121563
-0.396976
-0.32879
-0.22312
0.33645
0.773486
0.700588
0.182757
-0.227818
-0.393619
-0.626116
0.0502257
0.238125
-0.216066
-0.0121046
-0.179771
0.0925532
-0.444854
0.693688
0.357863
0.314128
-0.278979
-0.0232363
-0.0836795
0.236041
-0.218757
0.102546
-0.151174
0.0738603
-0.0332286
-0.0152602
-0.0882177
0
0
0
0
0
0
0
-0.054621
0
0
0
0
0
0
0
0.214752
0.240583
0.000502541
-0.0513001
-0.0370722
0.270423
0.388656
0.494157
-0.141955
-0.0333283
0.17573
-0.353353
0
0
0
0.231384
-0.0354379
0.0422833
0.0361439
-0.611972
0
0
0.192665
-0.332439
-0.038552
0.182386
0.260767
-0.262914
0.00390479
0
0
0
0
-0.286501
0.024754
0.261599
0.0706457
0.136638
0.184981
-0.317129
0.227977
0
-0.114205
0.25233
-0.0948824
-0.111464
0.0553845
0.0757364
0.0461667
-0.0851631
-0.57126
-0.0279987
-0.0598747
-0.55744
-0.167942
0.703921
0.069731
-0.317438
-0.15921
0.320754
0.136386
-0.0829413
-0.197004
-0.367777
-0.199446
-0.0897205
0.0913287
0.231396
-0.289471
-0.283657
-0.134837
-0.155214
-0.501396
0.183066
0.0791263
0.00345413
0.263003
-0.158941
-0.33428
-0.0165138
-0.277096
0.0918078
-0.122872
0.0117417
0
0
0
0
0
0
0
0
0
0
0
0.143809
-0.750758
-0.3115
0.0260821
-0.161256
0.13185
0.17579
0.350892
0.11197
-0.395529
-0.600432
0.0488773
-0.0771999
0.217788
0.41642
0.10627
0.522954
-0.341133
0.219488
-0.410994
-0.140792
-0.186118
-0.204698
-0.197587
-0.0650394
0.0892774
0.0366735
0.197558
0.193263
-0.18655
-0.0650635
-0.238981
-0.0125032
-0.0638612
-0.233124
0.144431
0.217932
-0.616183
-0.374227
-0.435151
0.276127
0.640103
0.273326
0.186485
-0.677286
-0.0107575
0
0
0.0459066
0.0598853
-0.712469
-0.486288
-0.021413
0.451041
0.248082
0.427988
-0.403843
-0.494511
0.111902
0.331663
0.461767
0.379084
0.492891
-0.00339277
-0.169479
0.232327
0.337743
-0.417938
-0.247868
0.073144
-0.124771
-0.391362
-0.528016
0.179146
0.83481
0
0
0
0
0.0624227
0.588512
0.774855
0.0234561
0.0839337
0.340655
0.19916
-0.456685
-0.175972
-0.107424
0.0931636
0.168813
-0.135537
-0.324566
-0.196937
0.515419
-0.0103779
-0.581589
-0.332802
0.0330608
0.195829
-0.131289
-0.0229313
-0.171363
0
0
0
0
-0.737602
0.277915
0.324236
0.166917
0.530081
0.84676
0.150597
-0.441652
0.0696338
0.42522
0.199249
-0.229914
-0.206499
0
0
0.519071
0
