0.134916
-0.473554
-0.404633
-0.0494544
0.227112
0.370451
0.00760636
-0.718285
0.371065
0.194561
-0.0960031
-0.200539
-0.33876
-0.120063
0.248973
-0.261787
-0.141378
0.357176
0.478828
0.0689473
-0.0939481
-0.723187
0.198086
0.325358
-0.386484
0.217168
-0.158911
0.0636921
-0.126741
-0.767295
-0.290156
-0.0404409
-0.0935776
0.0193359
0.320401
-0.384009
0.300109
0.0432599
-0.203139
0.0334437
-0.526481
-0.0391572
0.18969
0.00757201
0.214619
0.402528
0.25091
0.430939
-0.0223334
0.075379
-0.513878
0.104136
0.631077
0.261318
-0.447179
-0.574951
0.0849417
-0.0509963
-0.237261
-0.225269
0.197723
0.0942338
0.099043
0.468898
-0.0183149
-0.0529789
-0.0796276
-0.393333
-0.389072
-0.419666
0.183484
1.04911
-0.076739
-0.617514
-0.00821929
0.191183
0.157404
-0.088219
-0.123013
0.325907
0.325751
0.306233
0.514498
0.156194
0.0282302
0.0211531
-0.00113617
-0.239657
0.4025
0.231863
-0.550408
-0.207125
-0.126448
0.540315
-0.165051
-0.259199
-0.133338
0.251223
0.166925
-0.156821
0.375583
0.507306
-0.0264356
-0.0581636
-0.491419
0.221437
-0.533439
-0.139772
0.0383646
0.354086
-0.435854
-0.235389
0.0714484
0.0561183
-0.0214173
-0.024858
0.148177
0.462288
0.519489
0.114297
0.0286762
-0.0118636
-0.16336
-0.60022
-0.0396852
-0.0724745
-0.41554
-0.277453
-0.276144
0.117691
0.2459
-0.1014
0.122962
0.671869
-0.0288354
-0.334875
-0.163071
0.123174
0.101962
0.0017385
0.318578
0.297103
0.0197132
-0.409222
-0.209328
0.109645
0.52026
-0.23334
0.0942224
0.0860305
-0.0131874
-0.565475
-0.671244
-0.108313
0.0812202
-0.163048
-0.355864
-0.321509
0.0476772
0.575392
0.364738
-0.00726507
0.0602717
-0.104619
0.231998
-0.109262
-0.274044
0.00102805
0.325854
0.350773
-0.41575
-0.41323
0.775844
0.904539
0.40523
-0.427343
-0.76701
-0.405172
-0.033645
-0.107557
-0.328318
-0.328366
0.128812
0.702707
0.150954
-0.393472
-0.780426
-0.857984
-0.505647
-0.236811
-0.380368
-0.119619
-0.349275
0.180866
-0.109409
-0.0312009
0.306147
0.304231
0.207303
0.380696
0.272603
-0.00473389
-0.275527
-0.261157
0.137692
0.454844
-0.258039
-0.138444
0.304479
0.34679
0.361473
-0.426646
-0.63493
-0.0896793
0.524435
0.222013
-0.361098
-0.402785
0.121582
0.337708
0.169189
0.504237
-0.0403971
-0.53172
-0.229567
0.274499
0.275472
0.0342106
-0.482765
-0.40062
-0.27372
-0.0797438
0.597762
0.43182
0.131528
-0.128085
0.0244708
0.107826
0.274734
0.47141
0.140152
0.201623
0.114968
0.00387479
-0.23576
-0.40954
-0.138118
-0.349613
-0.121287
-0.313727
0.0375113
0.299508
0.393815
-0.23412
-0.492025
-0.0483912
0.0526597
-0.162802
0.199246
-0.185954
0.189454
-0.149816
-0.256665
0.526871
-0.0339607
-0.131717
0.0972957
0.267221
0.0332726
0.0185609
0.222764
-0.112478
0.719949
0.414172
-0.104348
0.0996502
-0.182027
0.0992087
-0.584852
-1.02736
-0.491806
-0.197708
0.251548
-0.202063
-0.461505
-0.172547
-0.146596
0.168146
-0.0438802
0.042698
0.159762
0.0812319
0.640917
0.233964
0.493524
0.0078286
0.0759727
-0.241052
-0.231871
-0.139253
0.0356002
-0.231236
-0.267185
0.0765371
-0.098856
0.123484
0.00672921
-0.228755
-0.703974
-0.198157
0.359967
-0.00104467
0.111362
0.0546643
-0.300676
-0.210491
0.482559
0.228816
0.177279
0.406789
-0.0336911
-0.166213
-0.838454
0.0530673
0.0151577
0.0527722
-0.203704
-0.296611
-0.166186
0.235272
0.290228
0.231857
-0.0393792
0
0.202337
-0.317815
0.407671
-0.159648
-0.0712765
-0.0743606
-0.550243
-0.627042
-0.491197
-0.0166044
0.360568
-0.112525
0.574021
0.637393
-0.507064
-0.309696
0.166843
-0.0606262
-0.430257
-0.168794
0.110696
-0.360478
-0.141825
0.259339
0.385251
0.0465947
-0.0311774
0.412484
0.103266
-0.112363
-0.162564
-0.295789
-0.0549675
-0.139288
-0.410332
-0.186763
-0.332667
0.147575
0.583971
0.0446021
-0.227433
-0.367206
-0.201999
0.355222
0.227619
-0.262142
-0.273212
0.504884
0.536599
-0.117213
0.0491537
0.409356
-0.662312
-0.33626
0.0602593
-0.394511
-0.338095
0.140435
0.0373488
-0.238449
0.170466
-0.257121
-0.199052
0.943433
0.515568
-0.127548
0.0979376
-0.0275332
0.494021
0.373562
-0.156459
0.301267
0.0223337
0.0877049
-0.119615
-0.393494
-0.475183
0.121017
0.468218
0.369208
0.0754014
-0.0924184
-0.0506162
-0.469357
-0.313513
-0.0582581
0.0303672
0.15405
-0.00409693
0.137302
-0.164725
-0.468183
0.200052
-0.0787691
-0.0992849
-0.0276431
-0.00950576
0.232893
0.0544237
-0.147064
0.0323672
-0.0968679
0.113032
-0.652741
-0.210412
0.281025
0.0624019
-0.596371
-0.368441
-0.118848
-0.171902
0.259605
0.473912
-0.258574
-0.224892
-0.544173
0.593745
0.306974
-0.0768395
-0.0185668
-0.115
0.110436
-0.36236
0.109576
0.261773
0.114601
0.238686
-0.360285
-0.226331
-0.241378
-0.0207923
0.15633
0.140917
0.29155
0.581736
-0.346118
-0.393297
-0.217283
-0.0812006
0.77208
-0.0581614
-0.435504
-0.0686366
-0.400736
-0.105671
0.161634
-0.133605
-0.0667803
0.419092
0.185888
-0.328501
0.11665
0.220614
0.640509
0.101093
0.3205
0.0962835
-0.157498
-0.0653756
-0.132937
0.166071
-0.0859061
0.227563
0.376887
-0.474984
-0.343332
-0.381159
0.132118
0.216642
0.204408
0.288629
-0.15619
0.312991
-0.1531
-0.00948295
-0.453169
-0.617699
0.216808
0.0620562
0.381702
0.670462
-0.369508
-0.0679611
0.852493
-0.607606
-0.123152
0.456393
0.184622
0.210498
0.109374
0.230313
0.209476
0.60178
0.351443
-0.198766
-0.151825
-0.0229043
-0.165407
0.648372
0.810403
-0.0812848
0.428101
0.41903
-0.0869513
0.145603
-0.0887763
-0.51804
0.0327032
-0.218901
-0.412998
0.188901
-0.616073
0.0072562
0.687738
-0.206164
-0.279504
-0.00299149
0.0776659
0.140047
0.478601
0.400761
-0.0606226
-0.321491
0.265573
0.523171
0.202919
0.212564
-0.0158968
0.108781
0.106554
0.0650173
0.146516
-0.584212
-0.587735
-0.567815
-0.763861
-0.494979
0.325008
0.603227
0.555693
-0.425199
-0.391286
0.172813
0.426429
0.670022
-0.265176
0.309502
0.472223
0.416577
0.265569
0.403217
-0.304662
-0.475635
-0.234765
0.0611179
-0.287206
-0.354178
0.689672
0.23688
-0.353588
