-0.00445464
-0.151834
-0.0557515
0.28533
-0.128658
-0.184922
-0.225435
0.285309
-0.0792181
-0.0332963
0.307495
0.333042
-0.035856
0.339152
0.322549
0.000452551
-0.210817
0.0553931
0.0659647
0.294902
0.242223
0.299309
0.421848
0.543531
0.130315
-0.366623
-0.291346
-0.0518734
0.476905
0.213852
-0.35748
-0.510697
-0.460466
0.452631
-0.202571
-0.0864139
0.0290128
-0.0769183
0.0950065
0.114685
0.349031
0.509448
0.298926
0.137585
0.0490117
-0.308384
-0.121926
0.246189
-0.421121
-0.51036
0.0404854
-0.215537
-0.212222
-0.202134
0.00522483
0.229918
-0.069461
-0.0628474
0.252071
0.339857
-0.341835
-0.590324
0.19
0.0244873
-0.0577171
0.0717414
0.192686
0.152632
-0.314149
-0.272118
-0.0627636
-0.362638
0.0464565
0.292828
0.206919
-0.18089
-0.0899661
-0.0873459
0.318684
0.19807
0.546006
0.555274
0.431272
0
0.510203
0.218484
-0.138782
0.381203
0.31179
-0.155696
-0.0193775
0.183605
-0.0639891
-0.383539
-0.579213
0.215913
0.111204
-0.276931
-0.136252
0.390822
-0.413373
-0.0998696
-0.348323
-0.568219
-0.135831
0.0303526
0.213604
-0.4921
-0.55265
-0.0803157
0.456001
0.436461
-0.0156114
0.547108
0.338792
-0.0360744
0.0151913
-0.342102
-0.0903836
0.509303
0.304847
0.171372
0.170905
0.0381039
-0.0797164
0.12055
0.255167
0.016722
0.171909
-0.340923
-0.429062
0.0986682
0.0591331
-0.164417
-0.343197
0.0353691
-0.00458308
0.0595509
-0.243733
-0.126399
-0.00363362
-0.0335756
0.644924
0.784811
0.151879
0.0149582
0.586621
0.07401
0.22557
0.320413
0.0421678
-0.0441676
-0.00205029
0.0889751
0.350253
0.35279
-0.00135002
-0.311064
0.0363598
0.135543
0.045111
-0.309697
-0.0713101
-0.108139
0.178322
0.127579
0.308508
0.311208
0.0330169
-0.197279
0
0
-0.171713
-0.54027
-0.643581
-0.314957
-0.779758
0.10048
0.350424
-0.347599
-0.510962
0.0117147
0.391762
0.470293
0.0814977
-0.0391716
0.126842
-0.201854
0.494657
0.375824
0.428181
-0.210867
-0.14424
0.203976
-0.219802
0.0609235
-0.133971
-0.425711
0.0586581
0.271899
0.221562
0.233564
0.323652
0.13175
0.654768
0.586673
-0.045657
-0.152325
0.0221763
-0.268062
0.186593
0.0944978
-0.407701
-0.0484369
0.263672
-0.0374951
-0.0942696
-0.0414517
-0.0332458
0.363538
-0.291143
0.347435
0.0923762
0.0933701
-0.288462
-0.264251
-0.403852
0.183593
0.193842
0.317854
0.306197
-0.266275
0.206813
0.255725
0.293125
-0.244721
0.377138
0.104996
0.207984
0.372409
0.14503
0.0675284
0.411366
0.091863
0.0280608
0.0290864
0.263101
-0.172723
0
0
0.678915
-0.0112968
-0.0218758
0.261843
0.238432
0.227786
0.464577
-0.138603
-0.0316356
0.186734
0.129343
0.487986
0.00329526
-0.0405531
0.462624
-0.312609
-0.0280289
0.205522
0.311115
0.337305
0.399202
0.292562
-0.25574
-0.151479
0.0546864
0.390981
-0.434265
-0.53812
-0.0787712
0.179635
-0.337549
-0.45166
-0.193074
-0.215261
0.295611
0.1284
-0.139898
0.00954769
0.39265
0.583166
0.384522
0.138816
-0.318742
0.167799
-0.182214
-0.127116
-0.559584
-0.268713
-0.218478
0.26547
-0.368752
-0.395785
-0.391189
0.103387
-0.222318
-0.247931
0.324022
-0.232617
0.148115
0.647993
-0.115745
-0.457711
-0.189622
0.0420186
-0.133658
-0.0442543
-0.282936
-0.115392
0.149488
0.0253901
-0.222346
-0.261989
0.202704
0.272924
0.103179
-0.224963
-0.241759
0.15118
0.016446
-0.0214015
0.0479876
-0.176333
-0.0224912
-0.432939
0.12012
0.448028
0.628506
-0.0415225
-0.307509
0.279529
0.15629
-0.083267
0.0892755
0.278345
-0.00312725
-0.0212826
0.0298832
-0.234093
0.194806
0.0491999
0.18711
0.0852631
0.0847046
0.429784
0.314486
0.147335
-0.253819
-0.344066
-0.0453191
-0.038968
-0.28634
0.155982
0.302146
0.172249
0.275527
0.533023
0.61373
-0.063997
-0.166271
0.0320045
-0.142674
0.109213
-0.0292653
-0.0989755
0.0559745
0.108758
-0.198987
0.103929
-0.13442
0.00830919
-0.222203
-0.0700371
0.0603669
-0.124617
0.092236
0.122911
0.11369
0.125449
0.175846
0.317849
-0.300152
-0.034153
0.0340433
0.02845
-0.0863753
-0.176474
0.303523
0.376281
0.0477982
-0.655997
-0.398345
-0.182385
0.38668
0.0868439
0.179349
-0.207543
0.113954
0.110034
0.108239
0.153297
-0.177872
0.0651098
0.691582
0.933555
0.454581
0.287332
-0.06878
0.102008
-0.121489
0.224752
0.302285
-0.215436
-0.507131
0.0536463
-0.175159
-0.188402
-0.486481
-0.531937
-0.169251
0.257521
0.148503
-0.315039
-0.0888642
0.142954
0.0202497
-0.414769
0.303327
0.086295
-0.103639
-0.326385
-0.0904193
0.304337
-0.131672
-0.229529
-0.114636
0.127567
0.463177
0.0935033
-0.205468
0.0701992
0.242934
-0.195843
-0.163357
-0.206885
0.154558
0.270636
0.314192
0.103935
-0.228689
-0.266537
0.226565
0.0634199
0.418682
0.488436
-0.152298
-0.422044
-0.0934186
-0.0374248
0.0317882
0.045765
-0.160473
0.230327
0.32265
0.198382
0.0131669
0.241427
0.155737
0.160686
-0.0650307
-0.17963
-0.374697
-0.30813
-0.295509
-0.186346
-0.420762
0.0635918
-0.171422
-0.186985
0.173429
0.156199
0.117056
0.226046
0.336433
0.0646966
-0.238932
-0.0265414
-0.0516195
0.296981
0.225456
0.218978
-0.311951
-0.455717
-0.257127
0.307547
-0.0147783
-0.202249
-0.464762
0.143123
-0.0437832
-0.540278
-0.136331
0.0426066
0.086741
-0.117133
-0.162938
0.429236
-0.149028
-0.0233464
0.0165292
-0.205707
0.0661387
0.429831
0.178088
-0.139363
-0.0415467
-0.265701
-0.152894
0.206043
-0.0504758
-0.0614655
0.0184255
-0.0891163
-0.0457874
0.477582
0.619104
0.315336
-0.101104
-0.276787
-0.349278
-0.0246502
-0.0591229
-0.416622
-0.160989
-0.10386
-0.0973515
-0.207525
-0.106318
0.133994
0.244874
0.178275
-0.287755
0.25323
0.263957
0.525715
-0.335549
-0.0528485
-0.0135219
-0.0174744
-0.0375513
-0.0458172
0.0836541
0.25403
0.351139
-0.332116
0.107596
-0.168036
0.0189129
-0.0733142
-0.163886
-0.146893
-0.169209
-0.222854
-0.11145
0.432559
-0.0384434
0.00162022
0.245858
-0.179381
-0.412547
0.108094
0.0869386
0.0883262
0.3409
0.250377
0.179055
-0.346436
0.208608
0.0348137
-0.442302
0.0977963
0.246071
0.408674
0.230099
-0.209331
