0.145082
0.242663
0.148083
0.324085
0.0305737
-0.51091
-0.298127
-0.0754359
0.632948
0.335137
0.131679
0.0208811
-0.72383
0.0798324
0.129314
0.125377
-0.15662
-0.248468
-0.00889183
-0.286669
-0.32381
-0.0296601
0.254211
0.242498
0.0843607
-0.231898
-0.202637
-0.313548
0.117976
0.288889
0.372063
0.438798
-0.384177
-0.102101
0.157121
-0.114078
-0.221994
0.174905
0.182259
-0.0871969
-0.101855
0.0266729
-0.320121
-0.461662
0.214675
-0.118589
-0.414805
0.0839049
0.214612
0.233883
0.419965
-0.089028
-0.00113753
0.218135
0.371574
0.169367
-0.108328
-0.0944512
-0.0750202
0.0742715
-0.0265717
-0.168408
-0.0728896
-0.0880586
0.0593177
-0.187325
-0.0159102
-0.137154
0.127922
0.145755
-0.121053
-0.167349
-0.328581
0.0620933
0.563762
0.178112
-0.214705
-0.440515
-0.492933
-0.0889846
0.215294
-0.140789
0.298995
0.377698
-0.0739268
-0.186947
-0.155104
-0.276615
0.163086
-0.317064
-0.278206
0.0690298
0.249486
0.245349
0.183888
0.388333
0.140896
-0.00141243
0.44832
0
0
0.46874
0.034205
-0.0216789
0.163954
0.0446536
0.221919
-0.228257
-0.0404933
0.681224
0.0815325
-0.0905184
-0.203466
-0.43465
-0.265212
-0.352445
-0.0700541
0.263079
0.291681
0.462957
0.180704
-0.0357158
0.321481
0.0378318
-0.023143
-0.419098
-0.208895
-0.0612282
0.223298
0.340885
0.389964
0.0297253
-0.354943
-0.112926
-0.0228312
-0.131225
-0.107872
-0.201607
-0.339757
-0.0614838
0.210189
0.155781
-0.265466
0.0589159
0.231791
0.0306326
0.455518
0.563556
-0.182636
-0.125628
-0.142024
-0.297843
0.113937
0.394441
0.094417
0.192164
0.10466
-0.177399
0.0859767
0.203656
0.167588
0.0697099
0.0620238
-0.0741093
0.0104296
-0.0783728
-0.27763
-0.219949
-0.101406
0.00360373
0.417851
0.116122
-0.420542
-0.221418
-0.0812919
-0.1024
0.187885
0.0495397
-0.144618
0.0745129
0.512036
0.145275
-0.0265573
-0.220529
-0.382986
0.0527457
-0.48932
-0.145427
-0.0878658
0.0876033
0.131907
0.0952391
0.420419
0.143422
0.38014
0.508228
0.263352
-0.00181815
0.0544024
0.0741427
0.0525239
0.320994
-0.19683
-0.0342975
0.453761
0.329531
0.276934
0.0756862
0.102684
-0.435933
-0.0598436
0.334463
-0.145615
-0.156079
-0.130465
-0.103811
0.36287
0.0533405
0.219582
-0.145863
0.397351
0.194404
0.100235
-0.0411083
-0.169907
0.118194
0.0623339
0.175337
0.340891
-0.0733282
-0.366169
-0.00779378
0.28239
0.121657
0.0865958
-0.124964
0.0977701
0.222064
0.194024
0.275128
-0.0940349
0.267491
-0.244917
0.118464
-0.0469719
0.267069
0.0555336
0.0403579
-0.0791235
-0.144102
0.138696
-0.13212
0.0736095
-0.0949406
-0.0183049
0.00386645
0.193512
0.165932
0.126292
0.0305508
0.286359
-0.283764
0.0560986
0.0200854
0.0222286
-0.0202534
0.21268
0.0710242
-0.0501656
0.141842
-0.11377
0.0981356
0.0725024
0.12634
0.0486685
-0.526194
-0.650692
-0.0298157
0.145474
0.125049
0.0956253
0.149177
0.060821
0.191428
0.0598996
0.0132025
0.248755
0.111433
0.225778
-0.230168
0.0634289
0.361849
0.094931
-0.00428342
0.176075
-0.0804183
-0.0434686
0.348503
-0.226252
-0.307671
0.116648
-0.0170939
0.127376
0.12471
-0.230064
-0.262209
-0.339877
0.0264628
0.184563
0.144268
-0.0242304
0.180278
0.140018
0.0683935
0.0207946
0.020201
-0.103682
-0.10896
-0.171193
-0.046588
0.215696
0.401661
0.174366
-0.124003
0.0200137
-0.237506
0.131967
0.325695
-0.085235
-0.390372
0.0849673
0.134017
0.164322
0.351594
0.0800697
0.0185681
-0.0454412
0.0998854
-0.170251
0.0751206
0.0739717
-0.199261
-0.0712094
-0.156971
-0.0589796
0.0606863
-0.0572008
0.22715
0.373535
-0.120133
-0.48974
0.434233
0.190839
0.132921
0.336597
0.377737
-0.135729
0.277261
0.00691006
-0.574928
0.12355
0.0250989
-0.316082
0.0352999
-0.147187
-0.194099
0.07206
-0.0687157
0.142773
-0.147879
-0.392962
0.0827293
-0.0214904
0.132452
-0.219476
0.017543
0.119392
-0.323185
-0.318052
0.00498117
-0.0880727
0.090375
0.24954
0
0
-0.113281
-0.121842
0.0835824
-0.0327998
-0.0084987
0.404156
-0.0896579
-0.164123
-0.162998
0.232592
-0.0604714
0.214199
0.247506
0.236841
0.205778
0.0817229
0.11209
-0.231524
-0.298619
-0.0540273
-0.219051
-0.321042
-0.0438314
-0.105834
-0.411232
0.025727
-0.217163
0.38783
0.0898992
0.242124
0.24512
-0.0822439
-0.143104
-0.150393
0.0813053
-0.0662429
0.10651
-0.155142
0.0400611
0.478518
-0.00760822
-0.308144
-0.333172
0.235035
0.107741
-0.201457
-0.196951
-0.309058
0.0794521
0.310466
0.121184
0.0850722
0.00721231
-0.235767
-0.0651184
0.029362
-0.0404709
0.202926
0.266605
-0.0699533
0.0971353
-0.341581
-0.435504
0.0412658
0.016742
-0.0436461
0.33303
-0.078582
0.191222
0.28825
0.13599
-0.367621
-0.101789
0.143214
-0.106303
0.160095
-0.0794788
-0.457408
-0.0707729
0.0563849
0.234259
-0.0898445
0.0173397
0.379728
0.252775
-0.241132
0.100255
0.188897
0.187295
0.272539
0.491523
0.407209
-0.0395019
0.0331851
0.201226
-0.0413165
0.0774885
-0.155791
0.146192
-0.280215
-0.526751
-0.220261
-0.380514
-0.464904
-0.0176304
0.494727
0.123538
0.0571374
0.0743071
0.00843927
-0.0886223
0.115392
-0.191157
-0.278403
-0.248664
-0.0931149
-0.0918049
-0.168538
-0.0700075
0.088485
0.230016
0.0262669
0.138523
0.126747
-0.195047
-0.242339
0.154513
0.389838
-0.0338725
-0.345956
0.1203
0.0656
-0.154236
-0.231696
-0.378935
-0.0150589
0.0107032
0.200662
0.161501
-0.116558
0.0981373
0.223404
0.244504
-0.287684
-0.286898
-0.418378
-0.0968526
0.115077
0.0114418
-0.0436047
0.0501603
-0.18159
-0.0622178
-0.00713357
0.00595214
-0.157915
-0.111079
0.270613
-0.326098
-0.0218719
0.00954766
-0.493116
-0.241892
0.327832
-0.351967
-0.0590565
-0.253728
0.191219
0.151102
-0.170197
-0.115624
-0.00180862
0.307593
-0.0241498
0.170221
0.442093
0.620955
0.177309
0.154604
-0.0852909
-0.0886162
-0.167511
-0.0434619
0.00964717
-0.120447
0.0771117
0.303236
0.481027
0.577807
0.140416
0.027583
-0.226193
-0.75843
-0.212135
-0.142844
0
0
-0.124282
-0.247694
0.191413
0.110196
-0.428739
0.273671
0.0360315
0.0987458
0.243289
0.217873
0.275589
0.036489
