0.304036
-0.37071
-0.202953
-0.406755
-0.145101
0.22528
0.00468113
0.324333
1.01522
0.545872
-0.0264694
-0.607135
-0.311047
-0.208375
-0.585384
0.0574392
-0.0445115
-0.121457
-0.123233
0.309398
-0.187361
-0.165912
0.0414866
0.0896961
0.139715
0.0457412
0.553862
0.806984
0.12105
-0.683134
0.0576112
0.0619372
-0.237332
-0.296579
0.0589239
0.392569
-0.395161
-0.568932
0.0944959
0.32616
0.167478
0.262624
-0.119377
0.0350733
0.0748777
-0.1835
-0.0694611
-0.164944
0.366097
0.169242
-0.151053
-0.00552802
-0.11397
-0.321569
-0.11304
0.314143
0.262637
-0.042775
-0.187982
-0.537994
0.021378
-0.0770704
-0.186597
-0.315444
-0.272819
-0.393872
-0.258266
0.582129
-0.0739659
-0.110092
0.0623225
-0.0225869
0.223658
-0.242164
-0.444279
0.0984466
-0.139423
-0.348802
0.392391
0.223231
-0.090881
0
0
0
0.232616
0.259721
0.659152
0.474111
-0.109308
-0.347124
-0.496634
-0.0931626
-0.0895729
-0.298096
-0.112279
0.246646
0.124719
0.129467
0.0129578
0.659207
0.622495
-0.492419
0.0258354
0.297903
0.652762
0.123799
-0.363593
-0.490682
-0.223605
-0.0590982
0.0873222
0.134942
0.537686
0.649981
-0.171482
-0.29685
-0.0339827
-0.261145
-0.390667
-0.356669
-0.131762
0.0366428
0.178643
0.000556717
-0.191497
-0.286767
-0.39787
0.25391
0.211856
0.0892845
-0.214264
0
0
0
0.476145
0.705701
0.535014
-0.0172012
-0.23774
-0.113932
-0.0433571
-0.26581
-0.0449255
0.507376
0.206051
0.335902
0.356438
0.80642
-0.277053
0.141393
0.0808166
-0.0994318
0.0398178
0.107849
-0.0315483
0.0182788
0.188419
0.301701
-0.100386
0.274478
0.588022
0.429506
0.208503
0.193227
0.174402
0.155719
0.353477
-0.0535215
-0.0620583
0.0122783
-0.277739
-0.00101829
-0.282899
-0.418589
-0.502443
-0.170625
-0.365509
0.13112
0.562559
0.274372
0.422873
0.100613
0.146424
0.238462
0
0.662001
0.608211
0.344005
0.0970505
0.117446
-0.333393
-0.212869
-0.133609
-0.281363
0.0735987
0.119099
0.0109605
0.328963
-0.0447689
-0.231613
0.132332
-0.504426
0.0369112
0.229124
0.175354
-0.119597
0.00594263
0.160362
-0.00177793
-0.305532
-0.138166
-0.205521
-0.0314723
0.297487
0.0221024
0.224275
0.512596
0.350687
-0.0331707
-0.305789
-0.207455
0.257634
0.384648
0.339733
-0.418999
-0.31645
-0.478342
-0.435417
-0.23023
-0.245101
-0.279514
-0.20623
0.0547397
0.254996
0.387613
0.78744
0
0.621267
0.387899
0.182481
-0.151474
0.21051
0.421462
0.407958
0.0855925
-0.128291
0.140909
0.472951
0.351323
0.276856
-0.163988
-0.381064
0.449929
0.44322
0.11072
-0.274672
-0.239685
-0.0244239
-0.0315816
-0.461444
-0.459009
-0.0353377
0.145072
-0.120897
0.365513
0.227897
0.246003
0.616561
0.535963
-0.118046
-0.254851
-0.637058
-0.866081
-0.282425
0.38004
0.0860415
-0.0178114
-0.105244
-0.498338
-0.488223
0.34826
-0.135536
0.0406323
0.351321
0.452761
0.515314
0.104225
-0.251815
-0.142659
0.0934724
-0.509556
-0.136029
0.641794
0.0664589
0.43813
0.128325
0.362474
0.372265
-0.130901
0.18922
0.243405
0.0691464
-0.118445
-0.271365
0.38069
-0.279399
-0.627882
-0.460986
-0.508788
0.1536
0.254492
-0.318047
0.00424238
0.228256
-0.0345788
0.751624
0.714999
-0.159934
-0.309072
-0.32623
-0.411939
-0.0542176
0.49243
0.00458733
-0.252934
-0.139113
-0.224258
0.1852
0.0824635
0.103444
-0.149845
-0.343944
0.106904
0.289164
0
0.105179
-0.140154
0.0489271
0.215144
0.000870282
0.118719
0.146411
0.0504588
0.343111
-0.0863441
-0.531137
-0.326815
0.317144
0.572942
0.392172
0.236425
-0.021825
0.0109234
-0.0281369
-0.106969
-0.0984685
-0.674772
-0.198497
-0.397563
-0.267584
0.0447623
-0.0111656
0.397818
0.135494
0.052539
-0.0567088
0.311237
-0.142769
0.145018
0.0498178
0.220679
0.394968
-0.260505
0.339429
-0.121176
0.445607
0.117662
0.117251
0.215383
0.164192
0.289428
0.0278961
-0.28121
0.0531064
0.0830928
-0.179388
0.139067
-0.322692
0.395132
0.190006
-0.0631258
-0.186301
0.0442283
-0.0600705
-0.0896566
-0.0833932
-0.0817944
0.128149
-0.0747214
0.158126
0.381759
0.461108
0.0885281
0.105726
0.0928968
-0.459312
0.106415
0.143588
0.0146599
0.677823
0.525505
0.110057
0.402534
0.273019
0.445879
0.45459
-0.202576
-0.296572
-0.473233
-0.483231
-0.15129
-0.224153
-0.377999
-0.294386
-0.0799436
-0.392155
0.0406572
0.608519
0.504824
0.333898
-0.00822096
-0.535008
-0.0551433
0.284106
-0.0803752
-0.626441
-0.217428
-0.33064
0.207205
0.105297
-0.462825
-0.408237
0.204513
0.170936
0.128315
-0.0548314
-0.151437
0.160316
0.476112
0.478685
0.246823
0.462483
0.494545
-0.19792
-0.0867052
-0.0712756
-0.39753
0.0978785
-0.156027
-0.262822
-0.322583
-0.351348
-0.40974
0.0193252
0.0120849
0.140221
-0.11483
-0.383456
-0.268777
0
0
0.0274802
-0.247221
-0.274755
0.101746
0.0887457
-0.392951
-0.339197
0.221308
0.0553602
-0.0741761
0.0225201
-0.44537
-0.258507
-0.120486
0.165119
-0.119902
-0.155589
0.59535
0.332389
0.0481531
0.0255894
0.505642
0.121196
0.237081
-0.275545
-0.455202
-0.1949
-0.497688
-0.307261
-0.0868848
-0.162869
0.386033
-0.0553435
-0.235872
-0.100849
0.383906
-0.0250383
-0.393691
-0.0649251
0.32809
-0.118406
-0.533425
-0.458285
0.224698
0.0732944
-0.591821
0
-0.157301
0.108922
-0.196491
0.10486
0.115007
-0.510071
-0.344096
0.113801
0.0511253
0.0183029
-0.124296
-0.406892
-0.310599
0.0337799
-0.116742
-0.0236335
0.0596213
0.284414
0.221683
0.132046
-0.0371466
0.491896
-0.0897911
0.151918
0.319045
0.115082
0.1373
0.247024
0.515576
0.461344
0.493429
0.451249
0.181052
-0.115891
-0.0944768
0.224231
0.0622383
0
-0.413453
0.420412
0.0333413
-0.504764
-0.629774
-0.597711
-0.138809
-3.57945e-06
0.0341039
-0.228978
-0.487855
-0.440827
0.106178
0.370392
0.0210544
0.0466979
0.281952
-0.169129
-0.329284
-0.210649
0.0716958
0.0651382
-0.150055
0.187749
0.0176364
0.234523
0.590323
0.0215325
0.38363
-0.0552317
-0.208711
-0.235421
-0.159506
0.172198
0.378064
0.722868
0.191031
0.228434
