-0.45289
-0.281202
0.170057
0.428947
0.348566
0.324291
-0.111877
-0.499618
0.161095
0.261987
-0.112453
-0.300501
0.428885
0.0729885
-0.119516
-0.109321
-0.0130401
-0.226111
-0.314105
0.406974
0.801632
0.263827
0.0214487
-0.591358
-0.105258
0.420562
0.182976
-0.0902839
0.0495393
0.145208
0.0112679
0.238504
-0.166988
0.0839349
-0.0382684
-0.424728
-0.0877195
-0.503378
0.306438
-0.14844
-0.413105
-0.274201
-0.309157
0.528611
0.460191
-0.164458
0.247257
0.469602
0.105915
-0.108063
0.476693
-0.0211328
-0.0328726
0.0520656
-0.263355
-0.246127
-0.240119
-0.463355
-0.199983
0.0309088
0.481154
0.0481957
-0.343103
0.558582
-0.0783749
0.368731
-0.0789285
0.310261
0.107883
-0.271668
-0.442975
-0.154888
-0.24372
0.421089
0.277725
0.15977
0.175919
-0.404677
0.283177
0.0216782
-0.331741
-0.156119
0.307641
-0.273174
0.0187143
0.283505
0.0180146
0.0815111
0.233118
-0.0933801
-0.193831
0.144355
0.411379
0.0251001
0.037953
0.0233734
-0.153835
0.043785
-0.347609
-0.478493
-0.121841
0.0451603
0.437804
0.188081
0.55984
0.0698893
-0.0194878
-0.255629
0.0656906
0.163209
0.552083
0
0
0
0
0.0604067
0.0810972
0.0874808
-0.581304
0.397113
0.402268
-0.496077
0.0802342
0.326421
0.51488
-0.0102798
-0.124426
-0.209582
-0.0158369
0.256807
0.537432
0.165181
0.241246
0.155705
-0.169059
-0.451836
0
-0.0530465
-0.36498
0.620913
0.417907
-0.139706
-0.159839
0.233977
-0.189707
-0.0318149
-0.0834734
-0.127615
-0.535254
-0.646903
-0.600847
-0.288198
-0.72502
-0.174858
0.0467712
0.11361
0.100674
0.160433
-0.228173
0.293264
0.371745
0.197081
0.457551
0.489896
-0.333783
-0.938539
-0.189539
0.414161
0.146997
-0.0527833
0.678742
0.667049
0.123085
0.242532
0.181089
-0.153049
-0.10256
-0.51335
0.208733
0.188326
0.587498
0
0
0
0.455743
0.726128
0.151552
0.292706
0.209427
0.0603575
-0.237058
0.07771
-0.0188936
-0.118881
-0.180907
-0.449104
-0.0241134
0.205273
0.157505
-0.0947925
-0.0106454
-1.01927
0
0
0.488849
0.783286
-0.00146638
-0.0262659
0.00630561
0.184077
-0.388228
-0.333178
-0.450011
-0.0491755
0.0335749
0.0749488
0.586854
0.508399
0.401523
0.141355
-0.0578601
-0.284867
-0.629843
0.323891
0.11659
0.22414
0.653112
0.188274
0.138857
0.782022
0.578455
-0.122052
-0.0941811
0.347734
0.61504
0.808083
-0.202316
-0.275087
-0.329656
-0.0743199
0.0542293
0.225436
-0.0968827
6.67565e-05
0.401715
-0.334219
0.209662
0.335777
0.54071
0.226163
0.504531
0.113841
-0.112344
-0.0572489
-0.0427426
-0.206476
-0.270058
0.132277
0.0667862
0.562303
-0.318824
-0.352065
-0.119829
-0.339609
-0.34882
-0.403922
0.157735
0.0641374
-0.423285
0.347119
-0.427903
-0.0691318
0.320565
0.292235
-0.212828
0.00492462
0.38748
-0.143193
-0.22473
0.0390987
-0.346527
-0.0832029
0.201705
0.202443
0.0021758
0.163129
0.258022
0
0.797719
0.122738
-0.118744
-0.0568918
0.11764
-0.144715
0.456576
0.141408
0.134225
0.303286
0.237161
-0.0985576
0.10345
0.596263
0.746611
0.538493
-0.416818
-0.556415
-0.192885
-0.721928
-0.231737
0.15923
0.740257
0.346676
-0.364343
-0.26645
-0.283801
0.321792
-0.152884
-0.372659
-0.118142
-0.448401
-0.0939495
-0.0112648
0.484603
-0.291973
-0.48079
0.118023
0.0550061
-0.159743
0.109678
0.677449
-0.1737
-0.21699
0.739781
0.519581
0.140084
-0.295012
-0.438882
-0.377836
0.444668
0.000174681
-0.525562
-0.521893
0.50342
0.231207
-0.173394
0.226262
0.131611
0.140898
-0.0216208
0.385978
0.214395
0.192403
-0.0145276
0.310559
-0.191069
-0.510214
-0.379364
-0.319626
0.254848
0.391023
0.267216
0.208924
-0.182068
0.00889482
0.0659895
0.034691
0.004894
-0.168592
0.421235
0.454252
0.147165
0.0507798
0.167841
-0.143809
-0.0534821
-0.0145021
0.174963
0.304426
0.150998
-0.0626718
0.25496
0.159567
0.129668
-0.45061
0.585907
0.688027
0.184445
0.0264903
0.201839
-0.139639
0.169675
0.494157
0.265391
0.00706384
0.103846
0.126959
0.445718
0.334989
-0.037589
-0.345368
-0.0975757
-0.0915836
0.091401
-0.0274815
-0.0928264
-0.037758
0.31611
-0.121087
-0.625888
-0.023166
0.550011
0.199342
0.145553
0.439282
0.137256
-0.0874675
0.14508
0.484152
-0.0413688
-0.0383019
0.291875
-0.470086
-0.351589
0.251226
-0.405262
-0.565154
0.0554446
0.573757
-0.412779
-0.0114781
0
0
0
0
0
-0.423895
0.0411073
0.347943
-0.191055
-0.176366
-0.0103794
0.136108
0.337182
-0.673809
-0.377199
0.2215
0.295026
0.131265
-0.110233
-0.179439
-0.253938
-0.476424
-0.285623
0.882942
0.486038
0.189665
-0.291831
-0.39795
-0.085365
0.560555
0.492276
0.833338
0.145185
-0.102835
0.162377
-0.362906
0.172467
0.270677
0.160057
0.299695
-0.210501
1.06924
0
0
0.289685
0.294669
-0.0494003
-0.577536
-0.0797612
0.623693
0.633245
-0.0384073
-0.352988
0.106649
-0.130284
-0.557514
-0.112755
0.232262
0.165171
-0.45161
-0.470118
-0.561486
0.204641
0
0
0.796939
0.11891
0.356135
-0.244297
-0.332307
-0.549909
-0.137935
0.0341422
0.915262
0.256631
0.127522
0.209227
0.283187
-0.603181
0.0641251
0.393534
0.0254805
-0.178269
-0.119196
-0.0725391
0.112046
0.0936777
0.0490271
0.0527939
-0.362583
-0.195846
-0.514239
-0.291781
0.354716
0.408043
0.381093
0.40065
-0.165188
-0.132004
0.00707017
-0.0637602
0.656931
0.354796
0.634087
-0.144825
-0.382456
0.238638
-0.186857
-0.0388585
0.176054
-0.0271957
0.270921
0.365165
-0.277792
0.111724
0.576487
0.0546078
0.338049
-0.480354
-0.175659
0
0
0
0
0
0
0
0
0
-0.451665
-0.523856
-0.496135
-0.333389
-0.132577
0.272906
0.0553937
0.265901
-0.246121
-0.211895
-0.161339
0.515709
-0.249954
-0.319563
0.0219209
0.00662972
0.15745
-0.0840496
0.358459
0.0772777
0.0593112
0.538989
0.30435
0.105733
0.554824
0.123794
0.619668
0.501863
-0.126074
-0.601197
-0.169418
-0.238352
-0.180058
0.885782
0.60679
