0.104539
-0.693189
-0.205047
0.163137
0.100329
-0.0391124
-0.108604
0.424318
-0.348367
-0.0552155
0.109801
0.090694
0.315744
-0.0287033
0.259912
0.071155
-0.0218168
-0.130772
0.255037
-0.0396829
0.268252
-0.0738622
0.149656
-0.00656552
-0.224356
0.101387
0.168291
-0.110655
0.186014
0.0363214
0.227758
0.269059
0.234652
-0.0551255
-0.124289
-0.157968
-0.0314144
0.127237
0.0596466
0.147815
0.10057
0.481567
0.00639075
0.00740797
-0.0950578
-0.140946
0.0345656
0.252722
0.284696
-0.00154398
-0.0416545
-0.284085
-0.0292397
-0.241482
-0.207781
0.355574
0.171192
-0.138511
0.114361
-0.184906
-0.478119
0.298083
0.141293
0.172015
0.43959
-0.323149
0.0294341
0.192254
0.0632608
-0.0729647
-0.0525573
0.0454477
0.413466
-0.244433
0.187541
-0.127513
-0.0550903
0.266725
-0.065886
-0.0406148
-0.263635
-0.42501
-0.385384
-0.29651
-0.186927
0.215757
-0.158477
-0.18355
-0.147493
-0.219562
-0.0339044
0.420149
0.0404831
0.29904
0.428879
0.289056
-0.0658529
-0.102757
0.0913094
0.0846095
0.169861
-0.143581
-0.110435
-0.136923
0.00681505
0.154716
0.0171852
0.0193139
0.0671385
0.558517
0.949036
0.125857
-0.337136
0.196947
-0.762056
0.143496
-0.117578
-0.303469
0.0951659
-0.0515262
0.175909
0.293757
0.110729
-0.0428363
0.180479
-0.35026
-0.631991
0.150554
-0.0178029
0.59488
0.309506
-0.27047
-0.27193
-0.096573
-0.103253
-0.0109088
-0.250662
0.212094
0.109731
0.0295614
0.147997
-0.177911
0.0425433
0.231207
-0.0762077
0.391767
0.527517
0.303715
0.280932
0.256546
-0.46397
-0.386288
0.00587252
-0.244103
0.242155
0.258528
0.0641796
-0.323493
-0.215952
0.0973488
0.567268
0.118529
-0.249047
-0.30542
-0.0558667
0.48755
0.299288
-0.264898
0.114164
0.275713
0.2097
-0.198638
-0.106012
0.188537
0.212788
-0.0305266
-0.374518
-0.819121
0.0847191
0.0109077
0.34433
0.366153
-0.558651
-0.0677126
0.249907
-0.0604705
-0.232673
0.424397
0.256359
0.16056
-0.0603347
-0.365508
0.145806
-0.325114
-0.182863
-0.32494
-0.169748
0.27645
-0.0562805
0.0859095
0.217005
-0.244772
-0.295271
-0.234343
0.218851
-0.172583
-0.113028
-0.609613
-0.0191565
0.204887
0.287399
-0.0647891
0.1292
-0.230122
-0.0781772
0.413565
0.125331
0.0492428
0.4215
0.296245
-0.0647196
-0.35076
-0.39875
-0.0772413
0.0101767
0.148688
0.254043
-0.0322082
0.0104044
-0.172443
-0.155783
-0.333931
-0.100985
-0.0707539
0.320279
0.274135
0.194483
0.0917399
0.279864
0.649154
-0.141743
-0.280439
-0.271653
0.0532848
0.324474
0.111623
0.367766
-0.13899
-0.0936898
-0.263766
-0.0862687
0.306828
-0.390934
0.124445
0.0587148
-0.0332206
-0.0955724
0.219766
-0.117327
-0.0902326
0.107458
0.463909
0.334341
-0.390223
0.0623221
0.575059
-0.127631
-0.478821
-0.074656
0.167382
0.0446293
0.0746403
-0.289951
-0.366628
-0.0301521
-0.242665
-0.434927
-0.298353
-0.0541632
-0.32405
0.197275
0.163845
0.223158
0.28047
0.355586
0.154733
0.0576981
0.0667806
0.0342167
0.116715
0.15663
-0.285626
-0.231636
0.0982288
-0.330233
-0.014767
0.422555
0.283018
0.223248
-0.396251
-0.315032
-0.0923301
0.160888
0.138305
-0.100194
0.141636
0.0244664
-0.399367
-0.331927
0.040823
0.550733
-0.0593166
0.067557
-0.0553137
-0.252225
-0.241729
-0.085482
-0.334784
-0.222066
-0.409994
-0.228289
-0.0370031
-0.0624478
0.51932
0.100364
0.0157749
0.466529
0.362546
0.383913
0.126986
-0.397642
0.204523
-0.17759
0.00999067
-0.360295
0.134033
0.01821
-0.303211
0.0456401
0.395637
-0.0738995
0.15283
0.136413
-0.0307635
0.473057
0.0989538
-0.239851
0.179613
-0.045632
0.36217
0.0570801
0.0983512
-0.143129
-0.234591
-0.110761
0.0866716
0.466439
0.161003
-0.146934
-0.0306445
-0.243137
0.13067
0.371814
-0.241185
0.285492
-0.0248371
0.418391
0.441648
0.0857799
0.00910666
-0.0368566
-0.167157
-0.233982
-0.253574
-0.144147
-0.0413697
-0.078128
0.000455713
-0.233337
-0.429343
0.0185677
0.42732
-0.118324
0.0757307
-0.142015
0.131168
0.249462
-0.252034
-0.120495
0.3791
-0.170852
-0.049968
-0.198692
-0.00111052
0.37921
0.181238
0.0082105
-0.0835759
-0.339413
-0.661772
0.0691968
0.192123
0.0508857
-0.163738
-0.162288
0.200427
0.0753322
0.299574
-0.103385
0.249059
0.0646798
0.159199
0.151818
0.312331
-0.241028
-0.196345
0.275916
0.182036
-0.0287541
-0.0724895
-0.456185
-0.230013
0.155664
-0.477453
-0.103332
-0.0798711
-0.0663619
0.275562
0.177974
-0.716442
0.0848651
0.0313786
0.247126
-0.286601
0.00452765
0.0331888
-0.235849
-0.170557
-0.00914127
-0.467035
-0.172739
-0.117507
-0.0099418
-0.396208
0.191692
0.182662
0.215875
0.557121
-0.215333
-0.3473
0.216283
-0.177582
-0.40642
-0.0185135
0.269551
0.380425
0.0958002
0.516488
0.404443
-0.507111
-0.690315
0.223192
-0.309326
-0.0530714
-0.0327536
-0.170457
-0.177132
0.336091
0.267876
0.801676
0.52702
0.249544
0.00452236
-0.0897067
0.191136
-0.0286882
-0.22421
-0.217262
0.090984
0.0372281
0.0927772
0.0819335
-0.111862
-0.0577621
-0.660585
-0.402221
0.00153567
-0.232671
0.516216
0.156401
0.28349
-0.356375
0.727619
0.0218225
-0.0837918
0.254492
0.216632
0.448279
-0.32293
0.145681
0.396605
0.161086
-0.305584
0.0676582
0.35538
-0.521593
-0.344867
-0.492371
0.24119
-0.380287
-0.594604
0.0406077
0.403739
0.225977
0.0377212
-0.097351
-0.162758
0.205377
-0.0259553
-0.0931808
0.429807
0.0229986
0.326798
-0.558586
-0.318784
0.296507
0.449487
0.229488
0.36765
-0.276547
0.0129775
-0.268939
-0.297237
0.102859
-0.265567
-0.034586
-0.00313859
0.0519439
-0.244969
0.137938
-0.163068
-0.500467
0.0292959
0.597123
0.385013
0.132117
0.0400526
0.0810092
0.263268
0.0868138
-0.0122172
0.158881
0.571694
-0.110868
0.0315266
0.175952
-0.31759
0.00587437
-0.111247
0.0259072
0.217033
-0.296408
-0.304462
-0.173656
0.192773
0.325419
0.167085
-0.214211
-0.403882
0.209507
-0.244937
0.0337766
0.693642
0.247327
-0.498188
-0.0493621
-0.661071
-0.81524
-0.108104
0.302791
0.163178
0.103615
-0.125952
0.1272
-0.038172
-0.394108
-0.0336751
0.54245
0.166773
-0.142868
-0.0906825
-0.0856041
0.00414313
-0.0646205
