-0.109756
0.0267378
-0.161528
0.0240941
-0.329905
-0.203213
-0.324864
0.372391
0.474723
0.428586
0.718429
0.506549
0.320407
-0.0328649
-0.358433
-0.344726
-0.34602
-0.101613
0.104367
-0.635719
-0.243905
0.336933
0.0512611
-0.434837
-0.177418
-0.658215
0.259565
0.2643
0.325086
0.218225
0.153587
0.166161
0.48205
0.259341
0.233448
-0.452381
-0.297596
-0.29708
-0.269294
-0.69225
0.334868
0.338996
0.367591
0.163789
0.458642
0.474266
0.28359
0.364172
-0.0365846
0.182082
-0.00990154
0.245432
-0.25106
-0.456949
-0.489167
-0.367532
0.398212
-0.156435
-0.154166
0.173258
-0.163928
0.149347
-0.358236
-0.172647
0.00762442
-0.316432
0.00950546
0.0200841
-0.0876693
-0.30522
-0.392993
-0.704673
-0.00823311
0.0486299
0.0708574
0.198095
-0.196322
0.180703
-0.0300994
-0.00245458
-0.0339696
0.146729
0.262427
-0.281413
0.2685
0.015938
0.284763
-0.183189
0.205594
0.215303
-0.0127176
-0.224929
0.249348
-0.259112
0.293281
0.213715
0.254636
0.513989
0.579009
0.788458
0.0246413
-0.576277
-0.21207
0.387434
-0.0686695
-0.22832
0.158526
-0.235352
-0.29622
0.141306
0.241372
0.0395525
0.262129
0.145468
-0.162215
0.00922231
-0.0738606
-0.212229
0.0265758
0.125662
-0.0167283
0.153913
-0.345371
-0.0536172
-0.0102558
0.113236
-0.0517159
0.455285
0.126107
0.272391
-0.151323
-0.362706
0.284873
0.189142
0.0906476
-0.127006
0.436616
-0.171869
0.127085
0.231436
0.129813
0.220105
0.485352
0.0123856
0.205614
0.0597842
0.279411
-0.187085
-0.115684
0.205942
0.282694
0.0151829
-0.0526111
-0.253611
0.00403533
0.0260907
0.399712
-0.147512
-0.194552
0.0982348
0.149556
0.160874
-0.273002
-0.0424508
0.308386
0.193321
0.268723
0.261155
0.284176
-0.190091
-0.0188158
0.0494226
0.1082
-0.13186
-0.00347111
0.177911
-0.296955
-0.141784
-0.162731
-0.338129
-0.11734
0.0530486
-0.0363062
0.400225
-0.0178537
-0.104474
0.123522
0.0802054
0.170329
0.0785663
-0.252681
-0.00947148
0.0467497
-0.0278674
0.469216
0.16768
-0.309169
0.0751397
0.200238
-0.272216
-0.135468
-0.0582238
-0.153087
0.193917
-0.0760149
-0.185508
0.0923102
-0.00167155
-0.0627219
-0.0544863
0.28374
-0.00712318
-0.0612461
0.22099
0.550332
-0.0481168
-0.168191
-0.121379
-0.0844224
0.0469501
0.0135412
0.180863
-0.0501563
0.170903
0.060791
0.0358152
0.257997
0.0201847
0.0593717
0.063443
0.0564777
0.318132
-0.335729
0.0514648
0.366613
0.443565
0.550595
0.216083
-0.0337715
-0.0764558
0.170155
0.447843
-0.304786
-0.3074
0.40823
0.463777
0.00283371
0.341508
0.357263
-0.418148
-0.107285
0.0668718
-0.0091844
0.0909991
0.146866
0.0129208
0.303596
0.318874
0.306979
0.158417
0.148197
0.358548
-0.0441249
0.0409921
-0.327888
-0.00525376
-0.32727
0.0513762
0.0504633
-0.0960126
-0.0958477
-0.0456147
-0.448263
-0.495856
-0.208259
-0.368823
-0.20261
-0.171785
0.317705
0.923595
0.423254
0.0390614
0.158524
-0.471911
0.374414
0.479682
0.481845
0.114371
0.434654
0.0368488
-0.362024
0.105196
0.172458
0.400939
0.0602952
0.171624
-0.37544
-0.327653
-0.197778
0.367034
0.226784
-0.304102
-0.233121
-0.551187
-0.0337886
0.077608
-0.437598
0.243774
-0.0665294
0.330157
-0.253778
0.29875
0.355131
0.0434427
0.297116
0.497921
0.0425995
-0.384317
0.191372
0.00997039
-0.176873
0.0439226
-0.197563
0.0948657
0.186537
0.499564
-0.0426039
-0.130647
0.364378
-0.192727
0.492884
-0.0827556
0.0129493
-0.151081
-0.330765
-0.311616
0.137537
0.0639197
-0.045165
0.301115
0.209105
0.222126
0.369497
0.502219
-0.0446792
-0.0808377
0.0142802
-0.246613
-0.41427
-0.556218
-0.356476
-0.385821
0.283262
0.259137
0.078595
-0.0968117
0.493424
0.297462
0.401023
0.166807
-0.316948
0.0551741
0.193069
0.202852
-0.243093
0.093215
-0.343948
-0.226047
0.046686
-0.437586
-0.109706
0.0615735
0.0180063
0.189578
-0.291105
0.0780414
0.175847
0.103018
0.142037
-0.103907
-0.370995
0.176759
-0.0657724
0.171275
0.0220781
0.021568
-0.0902636
0.125044
-0.0741961
-0.0784678
-0.12484
0.316826
0.545027
0.294811
0.164121
0.475027
0.406381
0.260115
0.442146
-0.402952
-0.272713
-0.238022
0.140584
0.487731
-0.27307
0.0226494
-0.257559
-0.576966
0.0048502
-0.0962504
0.135778
0.193228
-0.133523
0.405771
0.125068
-0.100211
0.0115287
0.0612593
0.13436
-0.500862
-0.119177
0.458831
-0.232151
-0.021878
0.10513
0.327684
-0.194501
-0.035451
0.339681
0.484204
0.0373567
0.209396
-0.105303
-0.293908
0.07709
0.271268
-0.0921366
0.206938
-0.197322
-0.0647856
0.17087
-0.328483
0.165695
0.184032
0.63897
0.387136
0.091763
0.348942
-0.366248
0.0817606
0.273027
-0.291446
0.0976581
0.059416
0.0534328
0.504383
0.302337
-0.28861
0.0295837
-0.124254
-0.385312
-0.173629
0.198267
-0.374667
-0.158817
-0.14963
0.125986
0.0729536
-0.0915266
0.286268
0.627439
0.357188
-0.175931
-0.118032
-0.0292722
0.994805
0.838212
0.260616
0.452774
0.234024
-0.0905
-0.333515
-0.259907
-0.571429
-0.222763
-0.121349
0.138161
-0.138603
-0.287922
0.435213
0.251536
-0.051487
0.62885
0.0724108
0.138493
-0.218672
-0.262411
0.217989
-0.0886475
-0.360562
0.238628
-0.271458
-0.271269
-0.0883301
0.150643
0.0710195
0.189542
0.050865
-0.128145
0.101617
0.0645546
-0.028806
0.166391
0.59638
0.424656
0.244849
0.196361
0.139987
0.49853
0.12532
0.198184
0.0935537
0.400384
0.279064
0.181658
-0.476018
0.139825
0.469753
0.316381
0.13531
-0.214544
-0.124317
0.0811515
0.267294
0.0135444
-0.104973
-0.0618587
-0.0148718
-0.174348
-0.00487433
-0.121459
-0.150452
0.139868
0.49045
0.158296
-0.0257334
-0.105015
-0.502652
0.0108114
-0.282834
-0.360334
-0.00731225
0.0835836
0.276635
0.187305
0.0563193
0.0909053
0.430182
0.471797
0.239134
0.0642404
-0.0446244
-0.170936
-0.333659
-0.0703796
-0.366025
0.0114906
-0.285458
0.142384
0.201378
0.378223
0.504974
0.0176707
0.0674771
0.266364
0.0885493
-0.421726
-0.0250549
-0.0316947
0.237095
0.418023
0.134834
0.198613
-0.183106
-0.0923821
-0.144685
-0.425898
-0.10978
-0.31382
-0.26048
-0.142173
-0.0370622
0.11436
0.163266
