-0.0351363
-0.115024
-0.225412
0.53952
-0.262452
0.44476
0.234338
-0.166194
-0.766936
-0.0626328
-0.0121088
0.239865
-0.552316
-0.20473
0.146109
-0.314804
0.147501
-0.0443399
0.249021
-0.372338
-0.20943
-0.0371754
0.0284032
-0.370565
-0.072352
0.0833503
-0.187147
-0.195549
0.631283
0.077093
0.17966
0.29512
0.180264
0.204333
-0.0258039
-0.369962
-0.143068
-0.434337
-0.333182
-0.190597
0.0966656
0.0954092
-0.12874
-0.492439
-0.0507744
0.069458
0.233529
-0.158203
-0.0977107
-0.204512
0.165144
0.55251
-0.0220164
0.376274
-0.0411333
-0.341747
-0.185855
-0.0204559
0.186127
0.0370435
-0.450758
0.0853904
-0.386425
-0.0222281
-0.0824266
0.0799141
0.233502
-0.453796
0.183683
-0.493947
0.091801
-0.153132
0.0396688
0.1614
0.191087
-0.546637
0.248939
0.02149
-0.136463
-0.171854
0.778
-0.0604718
0.197045
0
0.356345
-0.254908
-0.576153
0.646072
-0.144767
-0.204818
-0.066797
-0.157988
0.110058
-0.495305
-0.398822
0.611036
-0.0347139
-0.0405079
0.106822
-0.0429106
-0.000744942
0.0151615
0.362064
-0.176115
0.144684
0.465944
0.0513412
-0.261876
-0.338118
-0.172612
-0.311389
0.000859039
-0.050225
0.226682
0.392175
0.332669
0.144015
-0.163364
-0.0920993
-0.345215
-0.296517
0.368583
0.0122269
0.26914
-0.179144
0.22125
-0.255965
-0.183301
0.308565
-0.1484
-0.562471
-0.130743
0.350925
0.320812
0.251346
-0.164853
0.0804206
-0.238289
-0.168848
-0.308826
0.205581
-0.475962
0.140709
0.0455786
0.797039
0.58372
0.543247
0.302497
-0.293901
0.681429
0.691927
0.747867
0.057334
0.262999
0.129346
-0.318083
0.0481369
-0.308864
0.460997
0.0141676
-0.0466283
-0.496532
0.69986
-0.348307
0.288495
0.286094
0.113448
-0.176383
0.280903
0.134251
0
0
0.526613
-0.152169
-0.626751
-0.249342
-0.0831179
-0.105856
0.34681
-0.0930358
-0.332691
-0.3231
-0.211472
0.0393798
0.0456988
0.118523
-0.225777
-0.189267
0.291843
0.016726
0.380058
0.196829
0.0291268
-0.162012
0.411313
-0.455943
-0.00307814
0.122374
-0.356043
-0.61098
-0.0510495
-0.175318
0.0702503
0.262499
0.289279
0.0874963
0.432946
0.116964
0.0099369
-0.277739
-0.17755
-0.27334
-0.646399
0.501918
-0.118972
-0.157313
-0.305428
0.140521
0.119674
0.534451
-0.21893
0.0527036
0.320285
-0.0924972
0.329408
-0.476341
0.173528
-0.666274
0.0111092
0.0553006
0.33832
-0.114314
0.0420248
0.49496
0.168707
-0.0114463
0.104343
-0.589027
0.402614
-0.0521928
-0.208224
-0.507563
0.330024
0.230559
0.11607
0.622894
0.110258
0.202392
0
0
-0.209144
0.391642
-0.00560961
0.180151
-0.00814412
-0.190745
-0.127871
-0.277676
0.411688
0.462508
-0.161046
-0.0769791
0.324621
-0.0607414
-0.014646
-0.244514
-0.279156
-0.153418
-0.273746
-0.225985
0.390408
0.567911
-0.0553779
0.189416
0.0250328
0.122999
0.219372
0.387786
-0.116334
0.247741
-0.143093
-0.0534313
0.11772
-0.325822
0.17457
-0.100406
-0.146211
-0.0383445
-0.933862
-0.0671011
0.0124567
0.670065
0.0449719
0.151032
0.195693
0.607993
-0.0483278
-0.276046
0.1288
0.346449
0.0645431
-0.202014
0.0350387
-0.302197
-0.241459
-0.320301
-0.338651
-0.212948
-0.513102
-0.21117
0.533215
0.205664
0.250651
-0.0142483
0.0448782
0.0185119
-0.450632
-0.549919
0.299204
-0.133829
0.139542
-0.38631
-0.0659471
0.0437926
-0.117393
0.144585
0.115376
0.478469
-0.127581
-0.291649
-0.334516
0.334561
0.337832
-0.20073
-0.385618
0.00107338
0.136228
-0.0389712
0.0863783
0.15169
0.00530219
-0.341407
-0.0215362
0.357293
-0.0426483
0.180598
0.205821
0.250774
0.02818
-0.121486
-0.502357
-0.0917094
-0.854473
-0.297258
0.256126
0.710843
-0.0947299
-0.0487114
-0.248105
0.574069
0.466676
0.00961501
-0.182674
0.063732
0.364409
0.139418
0.0743144
-0.262324
0.0268357
-0.131798
-0.268717
-0.037576
-0.430348
0.0114653
0.606107
0.13707
0.261403
-0.0712216
-0.197653
-0.180733
-0.0915038
0.0736367
0.285893
-0.125507
0.0584592
0.41114
-0.0624491
-0.349916
0.418816
-0.302069
-0.160731
-0.293785
-0.123794
-0.276112
0.170022
0.154762
0.350287
-0.0339049
-0.122611
-0.460882
-0.137478
-0.604849
0.27377
-0.173372
0.0798552
-0.0471942
0.720669
-0.234053
0.00331408
-0.0250358
0.187377
0.300417
0.473599
0.838559
0.52726
-0.0860424
-0.0739994
0.40404
0.0275449
0.304222
-0.239797
0.468107
-0.0711698
0.222939
-0.674474
-0.159841
-0.236519
-0.158005
-0.234332
0.264747
-0.205335
0.12758
-0.201763
-0.268972
-0.247772
-0.135398
0.0516642
-0.091822
-0.0989432
-0.0954399
-0.0550605
0.526042
-0.25787
-0.286866
-0.164066
-0.471942
-0.0650622
0.236058
-0.417603
0.33102
0.0131208
-0.438974
-0.391312
0.101081
-0.243523
-0.0251186
-0.00571452
0.197897
0.421245
-0.123494
-0.275128
0.0759953
0.261265
0.253013
-0.641045
0.23649
-0.0397268
-0.104134
-0.148727
-0.157546
0.228941
-0.0665355
-0.235235
0.306587
-0.149382
-0.139574
-0.186463
0.187983
0.236118
-0.25562
-0.18318
-0.00467698
0.117909
-0.0496927
-0.182824
0.392326
-0.713096
0.299802
0.527409
-0.548256
-0.11926
-0.0787479
0.285353
-0.0864749
-0.0328639
0.0321367
0.0961589
0.577146
0.641103
0.251696
0.109179
-0.371481
0.0710938
0.143932
-0.426133
-0.291135
-0.288424
0.125135
0.172229
-0.308875
0.031272
0.102347
-0.362433
0.219373
-0.360228
0.151612
0.496574
-0.230997
-0.0163749
0.0140333
0.145968
-0.16994
0.088668
0.533778
-0.204651
-0.360666
-0.175403
-0.00919746
-0.011884
-0.337373
-0.110992
0.122354
0.238766
0.3571
-0.178394
0.0565709
0.355727
0.477951
-0.218158
0.150947
-0.0840794
0.123472
0.0425065
0.227111
-0.090036
-0.530457
0.420722
-0.00758936
0.0839214
0.164634
0.107074
-0.0726931
-0.387441
-0.136317
0.392904
-0.00474272
0.00482025
0.255319
0.254089
0.636793
-0.0684629
-0.570004
-0.870133
-0.463263
-0.172586
-0.0953519
-0.0312403
0.440501
0.19149
-0.261156
0.12092
0.210854
-0.307301
-0.137677
0.542589
-0.0853815
0.00264128
0.0493564
-0.0861026
-0.123034
-0.168313
0.589496
-0.252296
0.127044
-0.246763
-0.233041
0.0710939
0.249198
0.0387193
-0.148697
0.216045
0.16273
0.0642431
-0.22838
