0.185106
0.182229
-0.378462
-0.0650372
0.000445386
0.0891284
-0.14399
-0.201084
-0.142584
0.120079
-0.10063
-0.17425
-0.0715142
0.147167
0.0697826
0.0295362
0.253284
0.0210665
-0.222795
-0.492876
-0.329512
0.0289417
0.290745
0.135358
-0.200863
0.214937
-0.00251251
0.361761
0.316467
0.115337
-0.249886
0.154336
0.282486
0.270841
-0.103666
-0.303444
-0.485232
-0.24517
-0.22715
0.12663
0.220387
0.190762
0.313852
0.0717657
-0.0555357
0.0027848
0.268718
0.187938
0.181708
0.0210588
-0.133778
0.144108
0.656594
0.642531
0.345742
-0.49915
-0.301404
-0.404007
0.0440802
0.0735648
-0.173752
-0.207705
0.120446
0.113585
0.206106
0.223789
-0.0852938
-0.0845889
0.276055
0.127973
-0.233404
-0.0453654
-0.163569
-0.113535
0.321249
0.224477
0.0101892
0.1972
-0.223893
-0.363485
-0.108387
-0.396767
-0.0153454
0.356095
-0.208909
-0.172885
-0.34771
-0.00493753
0.265488
0.582396
0.361956
0.222632
0.161171
-0.13814
0.0404214
-0.209308
-0.440126
-0.194423
-0.309418
-0.087205
0.0936569
0.269474
-0.269174
-0.469936
-0.574441
0.301255
0.463104
0.191914
0.350905
0.470522
-0.190441
-0.188011
-0.0375573
-0.294527
0.351636
-0.100701
-0.0832981
0.269119
0.30636
0.163873
-0.127311
-0.348124
-0.124657
0.0392993
-0.0574456
-0.045779
-0.119225
-0.109201
-0.317889
-0.226561
-0.0637513
0.0435218
0.0650886
0.13863
0.258163
0.374367
-0.152952
-0.508038
-0.276288
-0.265103
-0.0558853
0.348102
-0.134615
0.351049
0.162864
0.488114
0.206177
0.375233
-0.24938
-0.0811494
0.122945
0.0324984
0.311926
0.291149
0.318536
0.356031
0.10558
-0.00583545
-0.112496
-0.130568
-0.0127406
0.262859
-0.0356114
-0.0686566
-0.221175
-0.0500037
0.0793305
0.170344
-0.158149
-0.291658
0.124947
0.253358
0.120678
-0.0587139
-0.156182
0.0485224
0.103825
0.219661
-0.0367056
-0.059372
-0.500013
-0.299642
-0.188473
0.0308092
-0.487739
0.260154
0.203279
0.476041
0.264008
0.321433
0.221048
0.245782
0.252571
-0.239309
-0.185556
-0.291466
-0.276784
0.156068
0.138382
0.285351
0.0365004
0.389339
0.578718
0.374214
-0.0964907
-0.516478
-0.416875
-0.0133394
0.101471
0.0906871
0.10856
-0.274749
-0.099634
0.173872
0.117203
0.285611
0.167077
-0.0892505
0.00349603
-0.0888354
0.0263595
-0.0946739
-0.026646
0.155414
0.182822
0.409358
0.173505
-0.107389
-0.000563379
0.138561
0.18099
0.186892
0.175214
0.0968924
-0.26363
-0.406775
-0.108525
0.168205
0.0993738
-0.0942224
-0.231318
0.17033
0.162825
-0.0467715
0.073679
0.29036
0.206419
0.362578
0.11464
-0.131319
-0.237946
-0.165803
-0.0581648
-0.122119
0.285911
0.27566
-0.216924
-0.351772
-0.307637
0.127246
0.394594
0.284383
0.0715708
-0.262708
0.405987
0.360546
0.164734
-0.159982
-0.0265977
0.392959
0.259934
0.513721
0.208
-0.268172
-0.517898
-0.412488
-0.0959935
0.105791
-0.0203976
-0.0653396
-0.00599104
-0.41081
-0.266751
0.0361476
0.218667
0.591633
0.371271
-0.534359
-0.439529
0.0880046
-0.0098149
0.0107876
0.148695
0.0609932
-0.100674
-0.0670982
0.347646
0.10783
-0.278136
0.0763333
-0.0295773
0.267529
0.176984
-0.0842703
0.105862
0.283993
-0.212303
-0.172916
0.0682397
0.0834787
0.267434
0.510301
0.273779
0.0278107
-0.0338152
-0.0324629
-0.20984
-0.284419
0.324132
0.378803
0.172125
-0.106552
-0.213389
-0.227693
0.254054
0.0198853
-0.302838
-0.015534
0.0771542
-0.0448236
-0.302468
-0.128108
0.069843
0.18914
0.110454
0.178784
0.0911523
-0.155558
0.0396744
0.480968
0.272495
0.139728
0.402496
0.47871
0.346843
-0.0280907
-0.164826
-0.22732
-0.0252198
-0.122632
-0.0648212
0.504737
0.449372
0.124977
0.183677
0.0944315
0.388268
-0.014621
-0.0125516
0.0858268
-0.259649
-0.041964
0.236783
-0.162899
-0.0326413
-0.302142
-0.201813
-0.440151
-0.0176566
0.167384
0.0400839
0.150998
0.0984501
-0.0568965
0.0553496
-0.103739
-0.266322
-0.152103
0.0581298
-0.295446
-0.223925
0.242769
-0.0354988
-0.246617
-0.106873
0.404534
0.526504
-0.0479453
0.245255
-0.318427
0.204703
0.0487444
0.263995
0.0512742
-0.293189
-0.325328
0.039283
0.107885
0.312715
0.0976989
0.213098
-0.262342
-0.439408
-0.177342
-0.264285
-0.00146852
0.365759
0.366761
-0.325206
0.496328
0.307217
0.700399
0.200094
-0.347156
-0.52428
-0.0884285
0.221051
0.0797224
0.0854101
0.0351167
0.294302
-0.0768255
-0.226254
-0.40166
-0.0665403
-0.0402342
-0.00364766
0.412098
0.130482
0.095736
-0.0822635
0.421399
0.224128
-0.111956
-0.00969613
0.477297
0.337983
0.109999
-0.216923
-0.335618
-0.216853
0.295037
0.161447
0.281314
0.384772
-0.235407
-0.222069
-0.18576
-0.0899293
0.285336
0.397669
0.0224784
-0.143645
-0.26928
-0.142445
0.223551
0.290113
0.545997
0.578685
-0.337126
0.0373525
-0.00648427
0.176671
0.691918
0.23423
-0.0518491
-0.151452
0.246212
-0.0354227
-0.250381
-0.179585
-0.164754
0.15543
-0.0342712
0.0324158
0.207589
0.422605
0.134376
0.366764
0.468152
0.0783408
-0.482078
-0.641707
0.0194929
0.0167986
0.0590859
0.169643
0.0717573
0.0483419
0.0914824
0.174743
0.346125
-0.0534437
-0.262321
-0.495063
-0.290552
0.150813
-0.1328
0.17922
0.266224
-0.269463
-0.270953
0.0717083
0.250403
0.316659
0.386464
-0.250783
0.00608567
-0.315544
-0.40893
-0.0675849
0.0205386
-0.227019
-0.0799672
0.0583384
-0.479253
-0.48161
-0.0387111
0.0397901
0.086232
-0.0356159
0.0406117
-0.0691096
-0.340246
-0.302143
-0.215242
-0.193201
0.147108
0.114079
-0.140482
-0.469586
0.116244
0.391746
0.368693
0.139641
0.441442
0.153834
-0.114424
0.0121224
-0.170436
-0.062191
0.306715
0.309462
-0.19031
-0.10387
0.178719
-0.00480052
0.143574
-0.0690358
-0.00589042
0.0502719
0.10261
0.395346
0.227247
0.31054
0.358261
0.000385042
-0.534291
-0.100218
-0.295138
-0.0602785
0.214549
0.355045
0.240614
0.26852
0.164009
-0.0271084
-0.308126
0.117167
0.0381881
-0.0473018
-0.0035079
-0.016137
-0.0564137
0.0927647
-0.0821547
0.0145971
0.267199
0.0163969
-0.134191
0.106984
0.181304
0.10687
0.215485
0.249035
-0.0285459
-0.159697
0.0919385
0.0533049
0.153842
0.156534
0.0468773
0.166786
0.0514754
