-0.0131891
-0.0967336
0.283889
0.0834537
-0.110888
0.19567
-0.00465578
-0.383783
0.288786
0.362561
-0.116884
-0.364389
-0.648378
-0.265065
-0.022508
0.0289488
0.097374
0.641592
0.5442
-0.15574
-0.232934
0.238614
0.0695937
0.229406
0.00927745
0.572062
0.00385819
-0.171953
-0.370038
-0.175272
0.26524
-0.110942
0.0416769
-0.0547018
0.141304
0.175423
0.102016
0.122203
-0.337069
0.0819438
0.169189
-0.180289
0.124356
0.118672
-0.0414291
-0.722426
-0.514932
0.323787
-0.0133306
-0.016664
-0.106406
0.0382556
-0.131459
-0.0879846
0.102964
-0.167005
-0.0279988
-0.357917
0.156244
0.0736776
0.137578
-0.119007
0.150479
0.408235
0.0487312
-0.609825
-0.067975
0.231585
-0.304138
-0.308651
0.23785
-0.0154541
0.160462
-0.102809
0.0708144
0.137588
0.20144
-0.307694
-0.171219
-0.126413
-0.429106
0.287526
-0.450751
-0.0478956
-0.304297
-0.0500775
-0.163385
0.631463
0.407019
-0.0922591
0.393084
0.257833
0.14458
-0.454846
-0.0683972
-0.171999
-0.0874773
-0.120626
-0.414458
0.0885437
-0.0687093
0.227258
-0.0462243
-0.349567
0.330944
-0.204623
-0.237922
0.167077
0.346533
0.193716
0.0503527
-0.118769
0.32903
0.658111
0.188303
-0.255589
-0.101457
0.435907
-0.261324
-0.0292282
-0.402445
-0.33981
-0.180906
-0.20647
0.152843
0.332167
0.40919
0.241822
-0.136474
0.493158
0.201898
0.0466452
-0.246266
0.15043
0.22822
-0.0241562
-0.00558975
0.0242499
0.419671
-0.0163774
-0.0688935
0.00201626
0.342032
0.043358
0.169456
-0.0765817
-0.21425
-0.620944
0.473153
0.143868
-0.374026
-0.534355
0.512849
-0.467076
-0.0315739
0.790928
-0.438975
0.201927
0.447404
0.204813
-0.0168983
0.137074
0.160109
-0.0770347
-0.374553
-0.0162684
-0.256025
-0.14142
-0.179771
0.270852
-0.183714
-0.251302
-0.19537
0.180805
0.23918
-0.0986515
-0.102513
0.00384761
0.275202
0.133037
-0.122867
-0.0166014
0.437566
0.285803
-0.00249054
0.233807
-0.0527971
0.0178654
0.045817
0.0970137
0.172711
-0.0651294
-0.203269
-0.157649
-0.266097
0.20437
-0.143591
0.298119
-0.0573302
-0.195373
-0.125857
-0.154012
-0.207877
-0.093092
-0.00360312
-0.164865
-0.241059
-0.0882347
-0.204806
-0.0249174
-0.469181
0.0251101
0.0211021
0.0338617
0.0936133
0.549596
0.284162
0.130183
-0.381734
-0.350903
-0.574082
0.186326
-0.115631
0.0771152
0.109257
-0.335856
-0.0740431
-0.15396
-0.209365
0.42042
0.27671
-0.0591434
-0.00231964
0.206082
0.0598678
0.306217
0.0690598
-0.339046
0.216643
0.0910837
-0.10488
-0.0018052
-0.0766333
-0.130408
0.292345
0.593888
0.0480173
-0.0188117
0.146422
-0.23352
-0.120163
0.35673
0.0439289
0.172686
-0.0267485
0.235872
0.0259995
0.114573
0.347444
-0.104639
-0.0749925
0.0802553
-0.066472
-0.0243026
-0.00635616
-0.404105
0.000520059
0.0179454
0.122409
-0.208577
-0.25831
-0.325804
0.235642
0.323703
0.121536
0.152844
-0.293797
-0.112558
0.214435
-0.192654
-0.162127
-0.0176911
-0.0932919
0.114901
-0.0759411
0.144102
0.204787
-0.134996
-0.100193
-0.325724
-0.509614
-0.0778033
0.282556
0.144105
0.0283029
-0.162045
0.231968
0.125314
0.0415416
-0.301742
0.153094
0.304601
0.359804
0.0387117
-0.0358244
-0.134385
-0.171992
-0.132682
0.354057
0.352897
0.154129
-0.186227
-0.133277
-0.251749
-0.2769
-0.248519
-0.0458249
0.0748455
-0.160318
-0.540936
0.212812
-0.0107787
0.00579748
-0.0233976
0.361858
0.395745
0.34063
-0.0973371
-0.275972
-0.431325
0.194488
0.275611
-0.116583
0.121157
0.130321
0.35126
-0.074975
-0.604559
0.028126
0.032768
-0.0437418
0.365969
-0.147879
-0.184897
-0.321273
-0.21769
0.0520498
0.484829
-0.177374
-0.0809381
-0.407956
-0.295366
0.0158002
0.236979
0.294107
0.345189
0.0110714
-0.0949799
0.154838
0.105545
-0.25077
0.204472
0.0307502
0.106422
-0.0724568
-0.131814
0.0218233
-0.60052
-0.509333
0.126436
-0.147888
-0.6076
0.204076
0.194341
0.0458676
-0.0537728
0.799631
0.391867
-0.0278939
-0.30722
-0.381897
-0.145143
-0.0502074
-0.102903
-0.15694
0.213391
-0.0312011
0.288817
-0.00106087
0.0723351
0.973672
0.0183065
-0.204627
0.0913393
-0.0245204
-0.192233
-0.42083
0.0213507
0.199075
-0.231608
-0.0320443
0.100236
0.155882
0.259773
0.0318279
-0.193439
0.333973
0.429436
-0.0216956
-0.34957
-0.196591
-0.400487
0.12678
0.129413
-0.233765
-0.144725
-0.0564132
-0.252241
0.0888971
0.120358
-0.103222
0.0930659
0.245991
-0.308631
0.282322
-0.165017
0.17634
0.266817
0.0631469
0.381898
0.150725
0.361716
0.554827
-0.191218
0.0666227
-0.126791
-0.0684566
0.173571
-0.0829879
-0.284653
0.343222
0.0933958
0.188516
-0.0747571
0.109983
0.370365
0.603417
-0.0892044
0.0129918
-0.231294
-0.458642
-0.560655
0.370575
0.623537
0.0794093
0.0871208
0.470839
0.200031
0.221593
0.00854575
0.0913557
0.0438924
0.183155
0.0681654
0.518936
0.188173
0.286427
0.0424129
-0.363663
0.348187
0.0294868
0.208226
0.0187979
-0.298949
-0.15664
0.0184694
0.391634
0.352615
0.158591
0.353384
-0.00591007
-0.0612181
-0.140292
-0.0843966
-0.0867176
-0.337104
-0.0822614
-0.166481
-0.0547663
0.130974
-0.0177289
0.129478
0.0120494
-0.0709208
-0.28372
-0.22187
0.035806
-0.0965867
0.132473
0.0533611
-0.0993571
-0.158325
0.122893
0.330064
0.395713
-0.204809
-0.27231
-0.416275
-0.536116
-0.245685
0.0222166
0.14515
-0.028161
0.45423
0.554438
0.257089
-0.132404
0.157092
-0.00403425
-0.20111
0.354907
0.301478
-0.0620899
0.287276
-0.208091
-0.525182
0.027127
-0.197616
-0.124421
-0.0901582
0.239557
-0.0621246
0.0835848
0.22713
-0.0659281
-0.201479
-0.110103
-0.198887
0.459537
0.0125079
0.306588
0.28867
0.270552
0.554634
0.134948
-0.495415
-0.000633766
-0.302642
-0.0477592
0.0489534
0.152704
-0.289142
0.0210656
-0.0395018
0.204937
0.195757
0.16082
0.0665792
-0.413022
0.233022
0.301505
0.460718
0.205869
0.184579
-0.0497961
-0.187828
0.1811
-0.227792
0.0143281
0.185347
0.343902
0.190375
-0.199561
-0.497685
-0.599385
-0.434319
-0.197967
0.18297
-0.0281347
-0.446868
0.139693
-0.121802
0.139996
0.281319
-0.30783
-0.02679
-0.280366
-0.0966579
0.220528
-0.0675777
0.0548929
-0.000255629
-0.042155
0.468015
