0.217329
0.236068
0.0438579
-0.199765
0.549325
0.242434
-0.0683243
-0.44433
-0.0488284
0.289496
0.240615
-0.599544
-0.315047
-0.0479218
0.485331
0.814705
0.274458
-0.25262
0.271666
-0.431223
-0.339116
-0.306661
0.434281
0.593322
-0.072253
0.258621
0.196221
0.122253
0.391737
0.756525
0.409325
0.10046
-0.0579493
0.451204
0.504648
-0.185479
-0.280574
0.0369779
-0.0866526
-0.5843
-0.279628
0.254084
0.21089
0.201998
-0.345779
-0.336162
-0.228492
0.365291
0.441906
0.210852
0.527027
0.309967
-0.543079
-0.440868
-0.531787
-0.11961
0.00837132
0
0
0.313567
0.161978
0.322102
0.725304
-0.200548
-0.0517881
-0.268239
-0.473284
0.308631
-0.127217
-0.408405
-0.472229
-0.336004
-0.0792091
0.510549
0.258387
-0.134454
-0.115329
-0.0941156
0.401615
0.316794
0.234217
-0.187501
0.0131862
-0.219927
-0.111148
-0.0868006
0.0995961
0.28253
-0.0615153
-0.893382
-1.13952
0.0710261
0.101559
0.451814
0.293249
0.216187
0
0
0.133466
0.363112
0.317601
-0.228091
-0.233267
-0.215222
0.110922
-0.268433
0.277991
0.339134
0.0435372
-0.0380887
-0.182739
-0.337405
-0.377489
-0.15369
0.331061
0.510491
0.387937
0.348741
0.166887
-0.339449
-0.675559
-0.301368
-0.304603
-0.021646
0.278503
0.31011
0.239806
0.0221427
0.0377334
0.142708
0.252771
0.201009
-0.0823846
0.581649
0.370952
-0.30061
-0.400803
-0.649751
-0.433131
-0.147139
0.185195
0.127897
-0.485192
0.0847755
0.442457
0.284605
0.304642
0.473259
-0.316394
-0.151635
0.133809
0.420367
0.377323
0.247267
0.240078
0.335146
0.0793887
-0.279191
0.142292
0.00688862
-0.251018
0.00626191
-0.149168
0.0405095
-0.20395
0.062225
0.202008
-0.423931
-0.119582
0.212197
-0.036673
-0.116628
0.173419
0.387157
0.0472674
-0.343909
-0.034054
-0.16485
0.315056
0.094163
0.109407
0.457209
-0.142842
0.450092
-0.024094
-0.0183919
0.140167
-0.459137
-0.377256
0.197688
0.142508
0
0
-0.0398155
0.420256
-0.0240032
-0.310255
-0.388673
-0.340341
-0.118477
-0.308406
0
0
0.277889
0.521442
0.117076
0.00787187
0.471867
0.525491
-0.185943
-0.534488
-0.0388425
-0.0619224
-0.0387789
-0.276374
0.0334501
0.168183
-0.302085
-0.391301
-0.149231
-0.209425
-0.251403
0.333562
-0.3203
-0.152513
0.271533
-0.146596
-0.341328
0.195239
-0.388666
-0.150738
-0.213792
-0.512138
0.154642
0.268855
0.0268461
0.219729
0.0911056
0.128224
-0.294477
0.0830402
-0.113328
-0.215928
-0.22327
0.245544
0.077574
-0.228424
-0.239544
0.00524531
0.427716
0.219197
0.0782892
-0.157002
-0.405963
0.315067
-0.141706
-0.406543
-0.031268
0.255688
-0.144705
-0.179977
0.144166
-0.0262448
-0.167565
0.513554
0.06202
0.346107
0.348898
-0.408221
-0.230252
0.225703
-0.0232526
0.0623893
0.0364866
-0.0702863
0.109421
-0.398213
-0.390553
0.36739
0.0339461
-0.271506
-0.224377
-0.291856
0.68312
0.0593544
0.274178
0.192881
-0.279157
-0.446928
-0.27944
0.0720366
0.0665791
0.118685
0.469349
0.0281033
-0.18306
-0.223506
0.413902
0.0368468
-0.111279
0.0863985
-0.17965
0.401629
0.695332
0.10945
-0.549319
0.00237086
0.0561682
-0.38528
-0.0718741
0.305479
-0.304917
-0.999473
0.190651
-0.19448
-0.485162
-0.251946
-0.203961
-0.191315
-0.0363861
0.425913
0.242316
0.104887
0.205732
0.481977
0.460368
0.609355
-0.081026
0.103304
0.24282
0.0619953
0.0932083
-0.256357
0.511301
0.672939
-0.267538
0.414451
0.112317
-0.234245
-0.568496
-0.279287
-0.260233
-0.0414503
-0.356523
-0.0383452
-0.378658
-0.0991902
0.487185
0.300754
-0.205103
-0.048188
-0.115921
-0.0749834
-0.611451
-0.237062
0.327069
0.387836
-0.119387
0.229122
0.412851
-0.0327533
0.310677
0.137677
0.091745
-0.0527373
-0.396414
-0.12563
-0.306753
0.264378
0.024397
-0.382753
-0.31705
-0.181465
0.0529887
-0.0567239
-0.538286
-0.403859
-0.617258
-0.104103
-0.0696749
-0.175721
-0.0816921
0.239378
0.155845
-0.124302
0.259316
0.139144
0.0217286
0.409993
-0.0106864
-0.346837
0.0265649
-0.114439
0.122133
-0.0217579
-0.332004
-0.0665807
-0.254864
0.41145
0.283492
-0.102919
-0.0795514
-0.0496528
0
0
0
0
0
-0.0408352
-0.283836
0
0
0.374974
-0.174339
-0.110889
0.0319198
0.310239
0.0662453
0.245241
0.19124
-0.290888
0.0392238
0.280597
0.105711
-0.198956
0.199256
0.0851986
0.322256
0.179479
0.257565
-0.155115
-0.149519
0.115354
0.329322
0.361627
0.46191
-0.00314108
0.0541479
0.395353
0.149725
0.359824
0.188295
0
0
0.303866
0.0783176
0.208215
-0.278834
-0.305278
-0.464892
-0.327623
-0.741412
-0.537956
0.0268749
0.0664983
0.234403
0.169192
0.0549573
-0.138052
0.1796
0.252115
-0.191288
0.392124
0.201026
-0.059903
0.0291099
0.529732
0.536496
-0.316659
-0.133472
-0.0977594
-0.166799
-0.553756
-0.238545
-0.425612
-0.757021
-0.137149
0.0492655
0.0626259
0.0352434
0.289374
0.67148
0.381931
-0.30074
0.0548646
0.306712
-0.182532
0.0391953
0.517788
-0.334682
-0.230104
-0.486242
-0.171527
0.119895
-0.0884897
-0.282094
-0.114758
0.14113
-0.135639
0.163356
0.688095
0.0935153
0.177927
0.558224
0.356405
-0.198569
-0.033273
0.420336
-0.384689
-0.420816
0.357724
0.717135
-0.166679
-0.00699806
0.139159
0.0710952
-0.0183287
-0.120268
-0.262843
-0.100018
-0.210468
-0.140199
0.165751
0.417644
0.0607064
-0.103109
0.206365
0.147536
0.180627
-0.246331
0.0808917
0.147358
0.509561
0.3591
-0.223941
-0.353244
-0.0983825
-0.0837837
0.183575
-0.249697
-0.043559
0.320025
0.232772
-0.0398105
0
-0.0247073
-0.0994566
0.208534
0.151935
0.0074341
-0.102904
-0.272244
0.0801105
-0.00639095
-0.140577
0.00249614
-0.0128726
0.200857
-0.240451
-0.25033
0.505213
0.464902
0.616634
-0.0299773
-0.302077
-0.406938
0.0362206
0.202387
-0.00643302
0.172564
0.306246
-0.0917362
0.170414
0.187231
-0.291209
-0.252583
-0.155347
-0.400692
-0.10864
-0.0375095
0
0
-0.283125
-0.229021
-0.46897
-0.0772321
-0.41736
-0.393462
-0.337684
-0.152241
0.205684
0.0981717
0.153398
0.315323
