0.207728
-0.196894
-0.395098
-0.368603
-0.162484
-0.344795
-0.300013
-0.0986959
-0.0272273
-0.384289
-0.015457
-0.783957
-0.262271
0.309893
0.144376
-0.334229
0.455034
0.575864
0.0869686
-0.318337
-0.410085
0.0867485
-0.167668
0.179657
-0.14606
-0.0124867
0.156625
-0.107587
-0.433919
-0.252283
0.131936
0.23758
0.0010495
0.208472
0.359378
0.353739
0.0299126
-0.336832
-0.279372
0.0206858
-0.183204
0.0346655
-0.184328
-0.216742
0.178024
-0.179829
-0.461411
-0.0828086
0.327503
0.121982
-0.0226635
0.31726
-0.104459
-0.293283
-0.126194
0.297248
0.12364
0.0568026
0.189767
-0.0773667
-0.0154023
-0.271447
-0.0748117
0.254323
0.26988
0.00251803
-0.150875
0.232243
-0.112301
-0.089116
0.0648933
0.208353
-0.020408
0.343327
0.309848
-0.301701
-0.0115888
0.0746103
-0.259311
-0.346839
-0.350495
0.407856
-0.0546775
0.0487631
0.0707484
0.168697
-0.219039
-0.00522003
0.0844627
0.234022
0.0484557
0.164382
-0.0185179
0.425797
0.217486
-0.16029
-0.172465
-0.39611
-0.488113
0.103283
-0.0334419
-0.156055
-0.309772
0.109423
0.0839102
0.403058
0.410862
0.178779
0.027511
0.174489
-0.0258652
0.0773458
0.433049
-0.139984
0.273259
-0.320934
-0.318774
-0.367032
0.0815351
0.13957
-0.108091
-0.509414
-0.46857
0.250245
0.493568
0.6238
0.0970523
-0.0889282
0.107535
0.241166
-0.159274
-0.307881
-0.0949277
0.225549
0.0877508
0.396241
-0.150178
-0.477411
-0.232323
0.040973
0.0177843
0.338622
-0.124564
-0.163754
0.216723
-0.138209
-0.00172398
0.551942
-0.257538
-0.139971
0.54105
0.100045
0.0510273
-0.173807
-0.0289589
-0.0250342
-0.176795
-0.23465
-0.238694
-0.123008
-0.231442
0.221073
0.371941
0.0997733
0.869413
0.159967
0.129071
0.225475
0.496974
0.010711
-0.0607914
0.0193462
0.0887402
0.0316884
-0.273469
-0.241861
-0.485739
0.0980597
-0.0718409
-0.312227
0.287361
0.455922
-0.365631
-0.0215615
0.0671407
-0.0740824
0.0102679
-0.151938
-0.178802
-0.165
0.248048
-0.267979
-0.0239958
-0.253886
-0.213574
0.255042
-0.0114144
-0.178454
-0.25591
0.147547
-0.0175378
0.382233
-0.0694255
-0.0384367
0.161307
-0.108277
0.238409
-0.118553
0.325872
0.413836
-0.0764446
-0.152003
-0.150154
0.538186
0.49234
-0.126314
-0.211012
0.0368525
0.0544788
-0.511043
-0.228183
-0.553072
-0.469428
0.216971
-0.146226
0.245818
0.0682145
-0.13202
-0.0667626
0.165066
-0.220478
0.263672
0.106259
0.514825
0.383966
-0.417782
-1.03663
0.00668407
0.475703
-0.0161374
-0.00848549
0.137053
-0.539702
-0.0824774
-0.0979273
-0.0191809
-0.0910984
0.0700017
-0.104283
-0.223316
0.192317
0.681162
0.150389
0.319631
0.0982677
0.224244
-0.275801
-0.103416
-0.206281
-0.021379
0.308105
0.857961
0.142798
-0.145473
-0.0798415
0.0876423
-0.0176716
-0.162549
-0.255437
0.0849952
-0.113426
-0.294539
0.284126
0.600989
-0.437572
-0.223286
-0.257624
0.0349769
-0.228813
-0.121102
-0.0464462
0.00298268
0.0881755
0.061326
0.066496
0.0716046
-0.325155
0.191632
0.0487013
0.178947
0.0336122
-0.0365932
-0.110072
-0.326453
-0.0631926
-0.10691
-0.203709
-0.228308
0.0988407
-0.319322
0.3346
0.543916
0.0714001
0.188483
-0.180272
-0.1914
-0.482704
-0.469375
-0.102607
0.571264
0.175202
0.417936
0.224464
-0.133526
0.322668
0.293457
-0.0860354
-0.437458
-0.121332
-0.0719906
-0.236179
-0.116845
-0.11642
-0.161346
0.35302
0.19466
-0.186358
0.203516
-0.126659
-0.457131
-0.47017
0.477323
-0.0366448
0.255363
0.340831
-0.0621395
0.399692
0.643667
0.523772
-0.0210256
0.118365
-0.134752
0.264446
-0.0348645
0.267667
-0.170979
-0.229138
0.352879
-0.0995825
-0.0239597
-0.0702219
0.0544824
-0.44703
-0.277551
-0.0568607
0.00316389
0.414187
0.80213
0.507333
0.060942
-0.488726
-0.102857
-0.26601
0.16685
0.15145
0.253701
0.396607
0.130572
-0.103831
0.0643751
0.483394
-0.287605
-0.068782
0.258357
-0.175199
-0.144949
-0.13355
0.247104
-0.0959504
-0.212146
0.119091
0.316017
0.0221095
0.24603
0.201277
-0.0867337
-0.142687
-0.478322
0.102025
0.189017
-0.0773181
0.146635
-0.253853
0.100321
0.0444382
-0.174194
0.143692
-0.170478
0.060847
0.480929
0.222456
-0.507144
-0.982726
0.0954703
0.623873
-0.188144
-0.314123
0.452122
0.076276
-0.232545
0.171798
0.337815
0.204967
-0.332
0.231333
-0.264605
0.0636324
0.309039
0.210801
-0.140821
-0.0689779
-0.0421338
0.0253276
-0.0762726
0.027676
-0.441601
-0.190709
-0.110056
-0.292902
0.353544
-0.173712
-0.394375
-0.0211458
-0.029832
0.0826328
-0.125728
0.312654
0.0433518
-0.286063
0.339995
0.344191
0.204469
-0.276838
-0.0965542
0.270676
0.331049
0.556982
0.132496
0.168617
-0.163315
0.380231
-0.113915
0.0843686
0.0708044
-0.26884
0.0757592
0.360299
0.044997
-0.280562
0.165016
-0.117238
-0.105025
-0.449402
-0.715184
-0.150593
-0.0899355
0.1718
-0.0767193
-0.163561
-0.0325952
0.535094
0.241933
-0.272589
-0.13447
0.165455
0.146177
-0.211431
0.0625646
0.173482
0.19442
-0.231466
-0.06811
0.40216
0.392909
0.0941356
-0.118839
0.0606942
-0.438321
0.404813
-0.434658
0.112314
0.0149774
-0.144858
-0.278638
0.0903756
0.153405
-0.169043
-0.251345
0.121798
-0.0786069
-0.228577
-0.128445
-0.350728
-0.166714
-0.415153
-0.201311
0.0288484
0.00559341
0.306307
0.138477
-0.170199
0.0551534
-0.432645
-0.160256
-0.264969
0.0654164
-0.18667
-0.180709
0.25048
-0.302639
-0.464889
-0.316457
-0.0347114
-0.0765964
-0.121371
0.00709954
0.0442422
0.0222853
0.256846
0.0313804
-0.20612
-0.136195
0.233385
0.0313826
-0.0696629
0.367272
0.232923
0.0800254
-0.0255774
-0.219562
0.187744
-0.0304137
-0.218646
0.141307
-0.0338307
-0.302034
0.229286
0.362576
0.290762
0.330631
-0.179855
0.133157
0.516757
0.0681203
-0.26366
-0.251369
0.10718
0.0727495
-0.263065
0.136871
0.338106
0.172399
-0.0152681
-0.0689878
0.100165
0.127769
0.253352
0.0221093
-0.489271
0.0245092
0.263018
-0.0145159
0.467522
0.785769
0.292477
-0.0824396
0.0223728
-0.294689
-0.170344
-0.152159
-0.0307255
-0.133044
-0.14249
-0.275242
-0.081642
-0.490876
-0.10675
-0.0309781
-0.10241
0.292151
-0.295082
-0.161374
0.111492
0.441809
