-0.194741
-0.27716
-0.488917
0.0514034
-0.106417
-0.0876561
-0.392516
-0.0210543
-0.117864
-0.0791471
0.317777
-0.0985998
-0.137046
0.0631887
0.136353
-0.345138
0.27683
0.412237
0.176595
0.00193599
-0.174203
0.10836
-0.412209
0.0428886
0.0893531
0.0108124
0.0655291
0.417718
0.375445
-0.0121311
-0.158497
-0.422346
0.586942
0.00501833
-0.307277
-0.38539
0.0585045
-0.380961
-0.0999793
0.267019
0.493232
-0.312896
0.214551
-0.201865
-0.1516
0.0796097
-0.455328
0.0693653
0.410548
0.34842
-0.273671
0.373902
-0.010549
0.0144087
-0.353447
-0.157191
-0.398617
-0.472576
-0.114157
0.28647
0.325539
0.0793415
0.0245881
0.530464
0.635518
0.580451
0.0647554
0.142796
-0.536111
0.294425
0.265963
-0.133886
0.384565
-0.0352512
0.529191
0.755562
0.511404
-0.569994
-0.0177112
-0.0568998
-0.701142
-0.0838856
-0.00268203
-0.167364
-0.699872
-0.223788
-0.128806
-0.121855
0.508155
0.172757
0.373785
-0.140443
-0.0868714
0.513551
-0.597299
0.0390364
-0.227191
-0.0876605
-0.093799
-0.103562
0.27333
-0.134772
0.00680219
-0.0857634
0.176125
0.404333
0.142401
-0.169863
0.114994
0.149323
0.495281
0.714673
-0.012823
-0.0989205
-0.0688661
-0.15827
0.0893316
-0.170021
-0.267173
0.0332618
-0.569023
-0.146949
0.413221
0.20962
0.0819609
0.132327
-0.398961
-0.151228
0.135509
0.176647
0.0321065
-0.136985
-0.346314
0.688498
0.0246718
0.490351
-0.178604
0.537129
0.179682
0.0739015
-0.284749
-0.31491
0.702789
0.487165
0.439842
0.210422
-0.337703
0.225801
-1.32357
-0.421347
-0.0142263
-0.625339
0.1932
-0.0440641
0.637552
0.317712
-0.308493
-0.0295652
1.19696
0.793178
0.345135
0.397978
-0.238577
-0.516652
-0.407771
0.0595189
0.551525
0.152924
-0.286558
0.141165
0.176291
0.057241
-0.221057
-0.0883724
0.348669
0.272869
-0.947829
-0.404369
-0.396686
-0.133225
-0.291741
0.228961
0.380845
-0.203559
0.204676
-0.0380927
-0.158754
-0.316283
-0.0258029
0.0188505
0.212821
-0.221323
-0.220342
-0.659568
0.525787
0.150856
0.0705423
0.177093
-0.168796
0.208039
0.387114
-0.177514
0.416565
0.45281
-0.222533
-0.0986252
-0.21097
-0.173966
0.349901
-0.0242073
-0.0458088
-0.0878951
-0.575886
-0.270267
-0.0310275
0.83518
0.523872
-0.50111
-0.218695
0.322513
0.576707
0.182943
-0.562067
-0.264093
-0.191485
-0.394048
-0.1585
0.0939694
-0.0379014
0.412013
0.00771746
-0.030765
-0.311474
0.281684
0.507074
0.158401
0.387851
0.178238
-0.530973
-0.537263
-0.289341
-0.165682
-0.214991
0.489109
0.265496
0.0666952
0.0731318
0.0748652
-0.0657906
-0.554602
0.016192
0.160845
0.227847
0.114336
-0.274352
-0.134636
0.0199989
-0.113661
0.501275
0.376022
-0.523664
0.100038
0.59927
0.11515
-0.102527
-0.400729
-0.062679
-0.317897
0.190547
-0.473224
-0.590742
-0.0364037
-0.118584
0.0366869
-0.115989
-0.447042
-0.577613
-0.237586
0.166467
-0.107336
-0.113629
0.118096
-0.270599
0.539926
0.20955
0.134638
0.246162
-0.160405
-0.408364
-0.513231
-0.316742
-0.166958
-0.350281
-0.408017
-0.802297
-0.115275
0.376411
0.253989
0.120226
0.113985
-0.228742
0.129862
0.279807
0.152471
0.0587892
-0.102619
0.182859
0.565138
0.269868
0.997575
0.465843
0.0471302
-0.366748
-0.782636
-0.375159
0.176704
0.234518
0.593101
0.762639
0.0595787
-0.392526
-0.0750802
0.355775
0.164868
-0.0702103
0.0961728
-0.0112911
-0.361353
-0.0932889
0.202598
0.644299
0.58429
-0.153443
0.592692
-0.133364
0.222093
0.376078
0.129262
-0.111025
-0.249962
-0.740042
-0.950922
-0.433327
-0.477627
-0.350001
0.144364
0.25075
0.241172
-0.246064
0.0734767
0.294218
0.269771
-0.628309
-0.489041
0.106816
0.0389206
-0.246927
-0.0818247
-0.396328
-0.573812
0.393926
-0.479572
0.476656
0.338425
-0.0295001
0.0309266
-0.0294037
-0.0294241
0.0782734
0.071798
0.273835
0.873973
0.195241
0.280884
0.945362
0.525235
0.347281
0.18996
-0.0533492
0.503066
0.304536
-0.333333
0.240431
0.0333869
-0.209073
0.462412
0.0617961
-0.198196
-0.174462
0.0876668
0.205983
0.194297
0.221373
-0.112187
0.154106
-0.0694278
-0.337505
0.12175
0.547847
-0.652156
-0.111001
0.572878
0.125016
-0.57819
-0.337219
0.000730007
0.441516
0.134196
-0.500339
-0.492121
0.147534
0.266998
0.120987
-0.519439
-0.329872
0.0210274
0.0670324
-0.233994
-0.461974
0.052159
0.406583
-0.286372
-0.0755504
-0.0815608
0.24484
0.197901
0.133746
0.481194
-0.591003
-0.0828731
-0.348996
-0.0653496
0.0147871
0.421739
0.266894
0.0974341
-0.497137
-0.471616
-0.263474
0.0451256
-0.320118
-0.175246
-0.0872757
0.416185
0.238892
0.238438
-0.062596
0.318273
0.184467
0.434971
0.261598
0.257572
-0.261054
-0.0362901
0.135774
-0.490373
-0.336802
0.202771
-0.0690182
0.0239548
-0.63837
0.005083
0.4928
-0.150516
0.322733
-0.0798438
-0.337282
0.199076
0.0584213
0.375756
0.564818
-0.117349
-0.251768
-0.679906
-0.342752
-0.112336
0.37621
0.0723477
-0.130751
0.532868
0.305342
0.372788
-0.221106
-0.552858
0.324993
0.612941
0.298966
0.374184
0.0589263
0.510047
0.459083
0.754136
0.27523
-0.198881
-0.53835
-0.413058
0.235822
-0.276283
-0.671189
0.440505
-0.619336
0.219931
-0.384114
0.239505
0.43207
-0.149176
-0.195979
-0.734313
-0.535681
-0.138921
-0.142033
-0.0584298
-0.265173
0.049683
0.776867
0.824213
0.610378
0.577945
-0.172519
-0.503883
0.115816
0.285967
-0.104289
-0.112896
-0.41475
-0.0467717
0.758847
0.40557
0.0350247
0.0834836
0.00288627
0.185471
0.142755
0.248274
0.68212
0.466862
0.166303
-0.406453
-0.2766
-0.391819
-0.198918
0.272944
0.422027
0.18835
-0.292987
-0.45928
-0.209522
0.0308651
0.0330005
-0.378058
-0.165175
0.113721
0.271007
0.241751
0.680698
0.148413
-0.106452
-0.253993
0.317709
-0.464645
-0.00901066
-0.387134
0.0147715
-0.37499
-0.38992
-0.199599
0.319772
0.264743
0.0200494
0.357637
0.141703
0.159732
0.0595244
0.124317
0.800862
0.735362
-0.147892
-0.0430592
-0.140676
-0.295297
-0.0708175
0.208733
0.1561
0.234319
-0.135112
0.477002
0.649216
0.332933
0.436467
0.334716
-0.148732
0.131785
0.117755
-0.455871
