-0.125694
-0.0545376
-0.378415
-0.0452989
0.293519
0.112432
-0.179699
0.00649045
0.251441
0.0782146
0.021582
-0.314143
-0.409983
0.00422898
-0.392804
-0.29901
0.0839595
0.146323
0.376343
0.0612738
-0.31631
-0.73476
0.190897
-0.00997172
-0.145969
-0.201971
-0.200244
0.0109981
0.0950826
0.0901882
0.198199
0.0465762
0.33657
0.0531781
-0.324851
-0.00522395
-0.271326
-0.742022
0.104057
0.387844
0.240281
-0.28058
-0.0265083
0.165937
-0.171711
0.0716959
0.0383753
0.343796
-0.0159115
-0.14451
0.172543
0.00330683
0.0778354
0.295727
0.214457
0.192677
0.0854536
-0.254063
-0.0890974
-0.0446975
0.244388
0.0205608
-0.280414
0.0166344
-0.439478
0.0781096
0.284452
-0.273623
-0.0686753
0.413936
0.0592183
-0.0634528
-0.165576
0.0703653
0.283943
-0.0634168
-0.0672801
-0.197667
0.0089736
-0.141168
-0.142596
-0.481677
0.0626913
0.115947
0.0866168
0.399306
-0.347331
-0.401724
-0.0558938
-0.386009
-0.542134
-0.0224872
-0.0228666
-0.390316
-0.107751
0.13951
0.0558443
-0.022651
-0.095716
0.321079
0.187569
0.187789
0.111342
0.152433
-0.0927836
0.0062467
-0.601459
0.293797
0.176027
-0.145104
-0.52454
-0.200084
-0.473891
-0.226414
-0.236904
-0.140816
-0.110227
0.258531
0.310875
-0.18923
-0.096631
0.238478
-0.350224
-0.0889565
-0.241225
-0.241735
0.0692392
0.361362
-0.287913
-0.297551
0.258908
0.216127
0.2436
0.310328
0.367229
0.310102
0.169023
-0.148907
0.0528284
-0.0919624
0.0841716
-0.0189809
0.12824
-0.110607
-0.320413
0.132085
0.209462
-0.0129752
0.000373024
-0.155456
0.142818
0.250179
-0.0452855
0.0416417
-0.0939037
0.449385
0.0827798
-0.0283384
-0.25412
-0.342172
-0.480559
-0.409046
0.137293
-0.0445973
0.012923
-0.187987
0.253355
0.106177
-0.489161
-0.377571
-0.18777
0.281875
-0.0355098
-0.454726
0.0737353
0.035935
0.164743
-0.0293243
0.0604982
-0.104293
0.15388
-0.0308675
-0.110522
-0.187336
0.167834
0.275364
-0.251139
-0.109651
0.0098349
0.228976
-0.141917
-0.328434
0.44639
0.17238
-0.280765
0.101211
0.581264
0.430778
-0.00326502
-0.030372
0.354251
0.0569354
0.218844
0.227795
-0.232697
0.258952
0.0511791
0.182791
-0.260082
-0.345124
0.222891
-0.345428
-0.237801
0.0211671
0.0966349
0.157996
-0.29099
0.398248
0.706474
0.160696
0.0631506
-0.0704552
-0.353502
-0.0140178
0.0276664
0.291736
0.197584
0.0447889
-0.204926
-0.133241
-0.635511
0.110508
-0.14785
-0.00411808
0.0737671
0.0698271
0.205742
0.136998
-0.102923
-0.0929498
0.420089
0.281126
-0.0979781
-0.345379
-0.284448
-0.373889
-0.287002
0.217999
0.0419371
-0.203392
0.489776
0.0800857
0.0318175
0.218969
-0.0736544
0.0845258
-0.338302
-0.179581
0.375814
0.206207
0.305167
-0.339457
-0.077996
0.419088
-0.257801
0.265267
0.175233
0.0709497
-0.00410882
-0.304363
-0.37561
-0.329793
0.20571
-0.211595
-0.230511
-0.274553
0.272877
-0.144377
0.289982
-0.0157227
-0.35086
0.0109646
0.134742
0.154038
-0.0135918
0.1583
-0.131125
-0.345535
0.0525225
0.403902
0.273123
0.0808873
-0.413984
0.191619
-0.113515
-0.73885
0.278813
-0.0352393
0.111523
-0.254081
-0.0438784
-0.36628
0.0752276
0.454403
0.438597
0.105605
0.0237748
0.375772
0.00451493
-0.0427452
-0.272989
0.103401
0.0311415
0.247866
-0.059147
-0.2604
-0.311498
-0.269428
0.381505
0.334039
-0.0218386
-0.0176548
-0.28649
-0.0699227
-0.0144341
-0.102725
-0.295918
0.283663
0.217579
-0.0826611
0.167038
0.224619
-0.14716
-0.170319
0.151593
0.167505
0.159698
0.56877
0.123805
-0.0656641
-0.0629199
0.0045676
-0.555075
-0.0982918
-0.127254
0.221634
0.136013
-0.0814668
-0.127295
-0.34708
0.0861735
0.0212248
-0.0184757
-0.0392229
0.0372933
-0.0859723
-0.19033
0.14415
0.210501
0.317545
0.0160695
-0.104198
0.204294
-0.330652
0.116033
-0.0244701
0.323589
-0.147056
0.032167
-0.0389276
-0.247175
-0.000270524
-0.310711
0.0413169
0.103092
0.205568
0.0677787
-0.106632
-0.202859
0.145908
0.775255
0.0240226
-0.21524
-0.293155
-0.312287
0.397027
0.0298561
0.412699
-0.251291
-0.112817
-0.284247
-0.0743167
0.0315745
-0.210136
-0.552071
-0.348388
-0.416219
-0.217052
0.017512
0.188602
0.642391
0.335883
0.0900642
-0.0995318
0.145943
-0.148406
-0.404277
0.087358
0.0212781
0.142589
-0.162196
-0.177618
0.33493
0.0796611
-0.318272
-0.0310566
0.153228
-0.229937
-0.638366
0.445058
0.128237
0.0731804
-0.192084
-0.00679402
0.175501
0.185058
0.128587
-0.220149
-0.427296
-0.0958263
0.343121
-0.0166323
-0.270726
0.191086
0.213958
0.0914004
0.0797556
-0.0687188
-0.429041
-0.399518
-0.142764
-0.0826607
-0.249558
0.111689
0.0499712
0.213625
-0.0249586
0.462159
-0.104984
-0.122028
0.199527
-0.0534239
0.37498
0.149822
-0.191268
-0.00176964
0.0586343
-0.0784577
-0.11209
-0.21317
-0.356044
-0.157511
0.00422693
0.178054
-0.138468
-0.410824
0.0975281
0.440289
0.0304773
-0.113773
-0.319271
0.0570781
-0.603654
0.197198
-0.387069
-9.05392e-05
-0.2002
0.438998
0.515621
-0.0176868
-0.207371
-0.200234
-0.425787
0.0210727
-0.261898
0.246192
0.641617
0.125786
0.129568
-0.302446
0.215162
0.0417015
0.292868
-0.194929
0.450936
0.194797
-0.084416
0.315628
0.0689542
-0.175165
-0.0840246
-0.0925247
-0.127268
0.068162
0.0681268
0.326285
0.0955485
0.177772
0.374539
-0.0992899
0.0859509
0.175627
0.347882
0.036826
-0.193258
0.312682
-0.431763
-0.278467
-0.0688093
0.0227076
0.0359328
0.136308
-0.0825639
-0.0592164
-0.0959442
-0.300342
-0.160964
-0.32569
0.333301
0.167874
-0.106397
0.292672
0.327181
0.408032
-0.319033
-0.538779
0.0873497
-0.157499
-0.242702
0.0173003
-0.182392
0.346508
0.344537
0.212917
0.168201
-0.363528
0.0426871
0.225194
0.194088
-0.206093
0.100672
0.124711
-0.1307
-0.709956
-0.126245
-0.0766304
0.139787
-0.0751498
0.0506251
0.255771
0.199227
-0.1768
0.105735
-0.172798
0.143518
-0.31726
-0.0288767
0.0123904
0.159217
-0.147557
-0.0427811
0.422275
-0.316107
0.067937
0.126105
0.40272
-0.406232
-0.272167
-0.137027
0.457472
0.48263
-0.03207
-0.112369
0.158659
-0.250962
-0.254222
-0.0028072
-0.089114
0.574747
0.0271967
0.288703
-0.00297741
-0.199776
-0.143614
