-0.150122
0.402142
-0.0953013
-0.409977
-0.139914
0.012389
-0.093246
-0.247589
-0.0438273
-0.0585966
-0.205469
-0.542296
-0.0696366
0.020198
-0.194822
0.365589
0.240459
0.315003
0.607437
-0.19913
-0.144528
-0.148531
0.078184
0.200907
-0.0925827
-0.139102
-0.113496
-0.0833074
-0.00731748
0.0416654
0.0466825
-0.0945645
-0.0436488
0.0424841
0.232352
-0.0544121
-0.0825293
0.17614
0.0716619
0.0741563
0.374926
0.147805
-0.0690561
-0.0719722
0.206954
0.00891181
0.244137
-0.61088
-0.539381
0.0510766
0.224042
-0.0863579
0.00114435
0.272779
0.0740329
-0.114917
-0.0803084
-0.31722
0.04135
0.314122
-0.0798586
-0.243975
0.435686
-0.180841
-0.0341986
-0.11883
-0.290242
0.0738111
0.0630027
0.23525
0.294992
-0.145217
-0.410163
-0.102293
0.0745908
0.650939
0.125238
-0.16175
0.12405
0.0305587
0.219662
0.467578
0.451213
-0.256285
0.103634
0.18508
0.402283
0.494996
0.185897
0.0701931
0.24962
-0.127678
-0.670465
-0.182669
-0.331223
-0.412186
-0.469171
0.0441757
0.353073
-0.485922
-0.242013
-0.153301
-0.456796
-0.0954835
-0.297
0.0511687
0.353534
0.230582
-0.0254126
0.434263
-0.154366
-0.3337
-0.0790872
0.0306319
-0.155215
0.117647
-0.00584018
-0.151743
-0.138489
-0.191903
-0.199988
0.0411841
0.158107
-0.0590409
0.204523
-0.0951853
0.350651
-0.22701
-0.214766
0.0769613
-0.511009
0.370959
-0.35284
0.0383386
0.318143
0.34848
-0.206539
-0.055995
-0.0819978
0.0206686
0.364131
0.447099
0.349406
-0.210588
0.0265526
-0.188793
0.0998176
0.0998593
0.0570991
0.0082728
0.033434
0.0138699
-0.112406
0.106314
0.101589
-0.0491689
-0.0257015
-0.282324
0.338783
-0.473127
0.0391722
-0.0282452
0.231131
-0.0641967
-0.0873598
-0.267525
-0.0334488
-0.0932628
-0.244131
-0.334847
-0.237139
0.335841
0.131079
-0.175703
0.250146
0.15407
-0.049847
-0.539867
0.450046
0.213163
0.113965
0.0994896
-0.0733322
0.0313627
-0.142243
-0.0761754
-0.387835
-0.0810166
0.175173
0.0863471
-0.301604
-0.085517
-0.0115498
0.00306182
0.270959
0.116768
0.193719
0.449746
0.270923
-0.0111343
0.0197419
-0.227075
-0.183596
-0.195806
-0.0975699
-0.0357328
0.139706
0.351524
0.0422406
-0.130796
0.255529
0.245633
-0.195186
-0.448539
-0.172788
-0.346702
0.0151326
0.00707365
-0.0773493
0.231504
0.0889825
0.0791504
0.368114
0.0677954
0.273564
0.115772
0.274527
-0.037165
0.0194546
-0.357558
-0.288221
0.0176741
-0.155007
-0.0716127
0.197965
-0.0212066
-0.278414
-0.223703
0.0408136
-0.449431
-0.0186397
-0.0463154
-0.283731
0.182632
-0.0382097
-0.209199
-0.150907
0.141947
-0.0348411
0.368378
0.278312
0.0607627
-0.174728
-0.102976
-0.0778511
-0.214019
0.164053
-0.0130492
0.0362582
0.181287
-0.0857753
0.33813
0.251598
-0.211003
-0.0531318
-0.466748
-0.123274
-0.355099
-0.211547
0.153609
0.153394
0.0824331
0.162436
0.167985
0.0675145
0.00590342
-0.106075
0.305697
0.101963
0.0133496
0.169977
0.235256
0.160858
0.0773205
0.454731
0.274165
-0.453678
-0.203653
-0.277509
-0.00390435
0.252729
0.202194
0.0525411
0.0765658
0.111576
-0.0552242
-0.074279
-0.0157419
-0.0458316
-0.319189
0.101387
0.101876
0.584162
0.322837
0.15362
0.158731
0.183411
0.135972
0.160995
0.584831
-0.405612
0.134038
-0.195668
0.208831
0.0126032
-0.117064
0.193209
0.115819
0.29762
-0.191628
-0.0738018
-0.116331
0.0200565
-0.296138
0.0949049
0.323014
-0.195805
0.0964326
-0.0875886
0.351212
0.193239
0.0847601
-0.151697
0.40301
0.338153
-0.268709
-0.100562
0.0175064
0.0687167
0.191267
-0.21144
-0.226842
-0.409073
0.193008
-0.100951
3.18321e-05
-0.189253
0
-0.0176497
0.526136
-0.138257
0.197046
-0.0279601
0.0670829
-0.0299275
-0.0923901
-0.0828201
-0.0615109
-0.107146
-0.0889899
-0.0372831
0.332011
0.194333
-0.137849
-0.0186739
0.163942
-0.139181
-0.273111
-0.148393
0.0721845
-0.319856
-0.111145
-0.109395
-0.218965
0.307619
-0.195747
-0.0861732
-0.046302
-0.0916968
-0.508765
0.152139
0.349447
0.2672
0.148116
0.0827306
-0.122578
0.0283505
-0.118157
-0.32662
-0.282991
-0.235252
-0.220126
0.0861199
0.108803
0.110636
-0.0257475
-0.373847
0.2403
0.154724
-0.0407894
0.22051
0.467254
-0.222751
-0.0289589
0.441638
-0.225428
-0.507979
-0.580341
-0.263478
0.0582567
-0.48643
-0.0107486
0.175949
0.506059
0.23751
0.119043
0.172497
-0.281491
-0.210529
0.0272575
-0.0483316
-0.277783
-0.366041
-0.122722
-0.0484635
-0.120858
0.11751
0.604216
0.165363
0.116445
0.299369
0.351876
0.276997
-0.20096
-0.17864
-0.242236
-0.0328369
0.0551908
-0.122445
-0.283721
0.0232531
0.0457007
-0.547279
0.139745
0.626304
-0.20395
-0.269778
-0.00534167
0.343763
-0.185126
-0.286879
0.136906
-0.395315
-0.278711
-0.178072
0.345424
0.264749
-0.135688
0.181526
0.0513948
-0.237875
-0.370641
0.00678068
-0.118541
-0.342444
-0.133639
0.00197955
0.261204
0.335141
-0.0271461
-0.209466
-0.0860469
0.20215
-0.0629543
-0.149627
0.320754
0.280138
0.693635
0.100253
0.244199
-0.0850285
0.0498959
0.0472695
0.0025457
-0.252765
-0.254656
-0.200546
0.103908
0.660878
-0.358466
-0.114972
-0.336518
0.282678
0.133065
0.149488
-0.257926
-0.0832049
-0.341959
-0.208125
0.0832424
0.12897
-0.146613
-0.243276
0.537062
0.253281
-0.100195
-0.166585
-0.209511
-0.014188
0.148253
-0.459157
0.053097
0.0045102
-0.0141198
-0.423173
0.0101356
0.15583
0.123142
-0.1279
0.0597711
-0.319628
-0.275947
-0.00672259
0.0797352
-0.347161
0.0367851
0.0805787
0.125742
0.116239
-0.267501
-0.137166
0.283163
0.164387
-0.291451
-0.0424874
0.214253
0.682433
0.427722
0.347944
0.149789
0.274257
-0.106806
0.209892
-0.0667925
0.305421
-0.372041
-0.102526
-0.100718
0.227662
-0.140369
-0.101571
0.108736
-0.103247
-0.198343
0.40713
-0.103947
0.255995
0.331306
-0.0768608
0.117254
-0.254227
-0.364226
0.00419586
0.521939
0.53078
0.278899
-0.014845
-0.196744
0.0791597
0.332052
0.0439143
-0.263175
-0.0247246
-0.244982
-0.270031
-0.196354
-0.175486
-0.305149
-0.254918
-0.0270825
0.109454
0.21276
0.164196
-0.339962
-0.606128
0.072693
0.188246
-0.0640237
0.0531107
0.212257
0.257111
0.144851
0.0869474
-0.00709799
