0.245745
0.22523
0.0374236
0.00302494
-0.285461
-0.180659
-0.307549
0.152835
0.515127
0.00558271
-0.106674
0.450183
0.320067
-0.00224145
0.0516285
0.299289
0.145918
-0.172183
0.000175786
0.0524776
0.255859
-0.171218
0.0266919
-0.223354
0.0234224
0.25663
-0.125631
-0.337425
-0.522596
0.21144
-0.030318
-0.0197221
0.351301
0.00128024
-0.160517
-0.0260047
-0.19
-0.168506
-0.0170454
0.339311
0.408219
-0.0797358
-0.142168
-0.110486
0.0984084
0.205056
0.00143641
-0.116646
0.157857
0.25892
0.109948
-0.0474271
0.363462
0.518253
-0.155394
-0.0867194
0.162477
0.113864
0.200376
-0.0558693
0.023801
-0.00569002
-0.0545805
-0.0867839
-0.0745727
-0.297819
0.191398
0.278856
0.00229885
0.549632
0.250888
-0.240878
-0.28916
-0.00315912
-0.4194
-0.0291657
0.162371
-0.320888
-0.274055
-0.282124
0.049109
0.0846594
-0.167248
0.203258
-0.4644
-0.156549
-0.0180126
0.0789308
-0.0174347
0.206541
0.254749
0.263459
0.086429
-0.0248011
-0.552478
-0.778342
-0.279852
-0.352322
-0.119389
0.106611
-0.102547
0.0276259
-0.117614
-0.088306
0.430836
0.0526738
-0.203305
-0.108398
-0.313509
-0.114693
-0.201986
-0.117722
0.0389967
0.0955354
0.128498
-0.250405
0.00164708
-0.191598
0.129795
0.198105
-0.27959
-0.593216
-0.213081
0.0329152
-0.0226035
0.168422
0
0
0
0
0.632036
0.610171
-0.214663
-0.354898
-0.165068
-0.453198
-0.663457
-0.73098
-0.425021
-0.119322
-0.240929
0.321261
-0.116667
0.201874
0.16397
0.031941
0.239936
-0.0263007
-0.180482
-0.443014
-0.293095
-0.209031
-0.00094899
0.112065
0.252788
0.182979
0.560136
0.153449
-0.465957
-0.069451
0.00769054
0.259414
0.318725
0.0981264
-0.0339031
0.342381
-0.336891
-0.0708801
0.112897
-0.177675
0.0457818
0.210894
0.159064
0.0699447
-0.309663
0.233231
0.228996
0.333963
-0.0930823
-0.0160117
-0.148935
-0.0292741
0.241328
0.0304794
0.0775212
0.283254
0.1439
-0.074662
-0.114039
0.131509
0.109347
0.142539
-0.199603
0.315149
0.338968
0.442337
-0.179518
-0.190125
-0.24899
0.00312143
-0.115778
-0.118661
0.162343
-0.108916
0.173448
0.314034
0.217377
0.0388824
0.0685746
0.323483
-0.118362
-0.055203
-0.330428
-0.253768
-0.0061014
0.15374
0.0415505
-0.199458
-0.303603
-0.0636592
0.025538
0.0311547
-0.0638797
0.0977517
-0.148273
0.257019
0.215642
0.0915788
-0.0652468
0.179984
0.0252481
0.561612
-0.178916
0.00807851
0.113443
-0.0466814
0.208163
0.225729
0.683309
0.0785228
-0.103501
-0.231876
0.267802
0.117128
-0.283763
0.381137
0.21594
0.0726763
-0.230835
0.0701244
0.261611
-0.245596
0.499907
0.409129
-0.236303
-0.345871
-0.462651
0.153952
0.320674
0.334488
0.157425
0.233153
0.0988326
-0.357431
-0.161654
0.0257584
-0.287818
0.0691531
-0.213141
0.0455347
-0.104367
-0.0742648
-0.345715
-0.193089
0.0909773
0.420966
0.668571
-0.0237131
0.0630049
0.111038
-0.0655469
0.0216794
-0.0744726
-0.433803
0.065323
0.0467631
-0.296999
-0.102558
-0.0961399
0.22527
0.145559
0.363987
0.371242
0.131839
0.54596
0.694953
0.10646
-0.0216461
0.144314
-0.277086
-0.341774
-0.517958
-0.340068
0.0161687
-0.025188
0.0125587
-0.300446
-0.054677
0.146518
0.33903
-0.138412
0.347343
0.211964
0.0414382
-0.144755
-0.126921
-0.218959
-0.21744
0.0279781
0.285527
0.167752
-0.0835335
0.140096
0.197232
0.392705
0.179261
0.11359
0.253464
0.22215
0.143282
-0.256363
-0.053189
-0.469096
-0.452419
-0.619097
0.256411
0.662053
0.276151
-0.103816
0.175814
-0.00749471
-0.0633207
0.0895559
-0.00156092
-0.0747839
-0.223452
-0.179516
-0.198207
0.0655662
-0.436371
0.141946
0.134535
0.092583
0.0272716
0.409808
0.538219
0.618502
0.488568
0.132643
0.0470152
-0.109868
-0.233725
-0.132278
-0.489408
0.13676
-0.290316
-0.112317
0.00044899
0.83751
0
0
0.206688
0.302858
-0.134778
-0.678117
-0.164713
0.10017
-0.0709161
-0.0524365
0.0349814
0.0115464
-0.281024
-0.0366113
0.218638
-0.00773733
0.0521289
0.0741114
0.0335527
0.278525
0.515288
-0.00164465
-0.193433
0.00234272
-0.31992
-0.0853569
-0.240991
-0.127568
0.343578
0.033639
-0.0975063
-0.0491391
-0.0545101
-0.0797836
0.376807
0.633282
0.576195
0.0676861
0.0977023
-0.148763
0.00848027
0.162026
0.169043
0.193667
0.63257
-0.108923
0.204505
-0.00255484
0.00476975
0.275652
-0.321718
-0.354263
-0.125942
-0.315725
-0.28888
-0.0850003
0.279755
0.271356
0.306384
0.536515
-0.646074
0.00828906
-0.00861129
0.017941
-0.0891875
-0.0825728
0.25584
0.291158
0.0898392
0.411892
0.332104
-0.600024
-0.528257
0.00978439
0.0479452
0.00934006
-0.417271
-0.0371614
-0.227835
-0.0969639
-0.376514
-0.363346
-0.0684352
0.252556
0.182121
-0.313741
-0.226605
-0.115946
-0.0689954
-0.0412531
0.29465
-0.183874
-0.433593
0.0274683
0.194339
-0.00997558
0.249081
0.0291777
-0.0589328
0.0176162
0.25685
-0.167998
-0.416282
-0.200401
0.00261885
0.105583
0.239012
0.0193791
0.455804
0.113651
-0.379526
-0.252618
0.453318
0.0838745
-0.246228
-0.494264
-0.304161
0.119013
0.244973
0.477685
0.0386511
0.309063
0.15673
0.168036
-0.257864
0.242068
0.185629
-0.021802
-0.155872
-0.164099
-0.0341253
-0.218899
-0.147888
0.0629091
0.088883
0.183566
-0.118262
0.207256
0.162819
-0.0174938
-0.102271
-0.0726648
-0.385863
-0.0520794
0.0154586
0.346548
0.447308
0.3159
-0.156182
0.0547307
-0.183267
-0.203938
-0.33025
-0.048417
-0.0609964
0.111873
0.0058527
0.0621668
0.0336715
0.0284046
0.170438
-0.0325255
0.311812
0.40643
0.0450373
0.395829
0.148097
-0.491668
-0.428161
-0.0278665
-0.0145036
0.151753
0.294418
0.171717
-0.43761
-0.423415
0.210428
0.3767
0.0359412
0.390151
0.176748
-0.170232
-0.361877
-0.251189
-0.137441
-0.487118
-0.346594
0.212249
0.44663
-0.0637467
-0.0600443
0.0801536
0.606387
0.260737
-0.2017
-0.365668
-0.607924
0.0363004
0.295615
0.331173
0.32327
-0.0121777
0.20367
0.112679
0.224087
0.287309
0.0324741
-0.124963
-0.486722
-0.102793
-0.120062
0.391137
0.09167
-0.102233
0.0977675
0.0606325
0.149975
0.107331
0.0651607
0.28733
-0.175068
0.0632333
-0.0303902
0.101532
-0.400077
