0.093876
-0.082538
-0.166714
0.0489154
0.0623783
0.388987
0.0641999
-0.475552
0.191855
0.175214
-0.0517723
-0.431073
-0.568768
0.0558746
-0.263772
-0.30352
0.41996
0.618495
0.169261
-0.363762
-0.452971
-0.725759
-0.00717226
-0.0349583
-0.219966
-0.217037
-0.148474
-0.0484365
-0.235885
0.137856
0.0185518
0.356881
0.499203
-0.0810212
-0.2788
0.592536
-0.165839
0.118594
0.0393931
0.189742
-0.198228
-0.137214
0.0291396
-0.40145
0.087766
0.46106
-0.151635
-0.0310737
0.149593
0.103555
-0.46868
-0.221356
-0.468633
-0.737031
0.0252
0.501252
-0.158176
-0.371162
-0.152494
0.0583485
-0.0379288
-0.227318
-0.288363
0.228931
0.291857
0
0
0.44412
-0.195717
-0.542502
-0.220643
0.233916
-0.378861
-0.326873
-0.223574
0.274001
-0.577012
-0.0268887
-0.0766362
-0.165619
-0.0754707
-0.219637
0.206207
0.229911
0.16063
-0.603885
-0.165582
0.463002
-0.249693
0.140591
-0.333605
0.25502
0.0567726
0.114536
0.21031
-0.153507
-0.0227778
-0.113314
0.484405
0.218017
0.271033
-0.624718
-0.544982
-0.18046
-0.129741
-0.251825
-0.165575
-0.155683
0.327394
0.371207
0.0219038
-0.274759
0.244467
0.174785
0.570451
0.218551
-0.2643
0.468116
0.388938
0.176734
-0.138834
0.173725
-0.1581
-0.0393438
0.138102
0.0300405
0.277139
0.221052
-0.205471
0.164478
-0.563209
0.190297
-0.0774571
0.312526
0.0843033
-0.132217
0.329415
-0.183248
0.18293
-0.225659
-1.08678
-0.788936
-0.632614
-0.216196
-0.0664886
0.897259
0.0904125
-0.0366646
0.366215
-0.148135
-0.0234947
0.225287
-0.106386
-0.0478152
0.359991
-0.122219
0.498661
-0.158654
-0.015145
-0.456017
-0.175468
0.451967
-0.120723
0.0258882
-0.0956688
-0.4095
-0.344014
-0.372151
-0.408423
-0.287239
-0.5382
-0.13777
0.307605
0.122721
0.0944205
0.235828
-0.197611
0.516781
0.164106
-0.100115
0.117038
0.524176
-0.234228
-0.118948
0.223579
0.21138
-0.220058
-0.010332
-0.182008
0.512833
0.218286
-0.0129821
-0.341446
-0.0512374
-0.342772
-0.255104
0.42657
0.394396
0.391884
0
-0.344003
-0.204941
-0.139231
-0.554435
-0.0510585
-0.197105
-0.387583
0.0179574
0.321223
0.118361
0.52735
0.132761
0.119211
-0.0208323
-0.226485
0.0185627
0.280911
-0.279331
-0.471984
0.312026
-0.300105
-0.178264
-0.158227
-0.0142045
0.232173
0.535632
0.183998
0.0251127
-0.125508
0.397155
0.163155
-0.328802
0.384267
0.467694
-0.243851
-0.580574
0.128894
-0.0729069
-0.0399533
-0.36578
-0.269191
-0.291862
0
-0.181033
-0.166296
0.165167
-0.0820576
0.0589198
0.242765
0.0580805
-0.0479287
0.451041
-0.168805
-0.497637
-0.506405
-0.00888948
0.0600475
0.41989
0.446639
0.219526
0.131896
-0.0858361
0.202299
0.266845
-0.294567
0.0753245
0.0852663
0.113556
0.536928
0.142026
0.151487
0.357388
0.195636
0.0789819
0.0697861
0.0445878
-0.481579
0.0506312
-0.0895015
-0.276774
0.295341
0.238985
0.0225195
-0.305873
0.106777
0.190205
-0.729935
-0.190565
-0.220414
-0.363831
0.0954337
-0.210018
-0.212179
-0.224526
0.0392677
-0.225754
-0.164364
0.294837
0.456447
0.373188
0.117576
-0.109707
0.121613
0.155694
-0.369256
-0.328744
0.360041
0.0918153
0.216658
0.0632364
0.190536
-0.192297
-0.356497
0.0751101
0
0
-0.972733
0.291221
0.348385
-0.346042
-0.27028
0.781923
0.405975
-0.467425
0.0670058
0.191711
0.403629
0.421244
0.570446
-0.223711
-0.152235
0.177404
0.0016487
-0.144193
0.342019
0.200268
-0.13618
-0.128432
0.164351
-0.208441
0.0695146
0.34195
-0.0668413
-0.515256
-0.0894101
-0.27822
-0.0841191
0.163198
-0.213922
0.121315
-0.033156
-0.127657
-0.181424
-0.0367568
0.256364
0.193711
-0.240157
0.027284
-0.0367717
-0.178796
0.0879204
0.135997
-0.476352
0.101957
0.270426
-0.18206
0.00101793
-0.208109
0.47694
-0.0272346
0.245868
0.36349
-0.165025
-0.369763
0.1071
-0.193925
-0.128807
-0.266928
-0.0692865
-0.0626247
0.1634
-0.169401
-0.347638
0.20862
0.452054
-0.116531
-0.316978
-0.0648391
0.00326484
0.0789452
-0.335888
-0.136631
-0.325743
0.161865
0.282466
0.190998
-0.0254406
-0.344876
0.15837
0.395679
-0.272628
0.367325
0.0796801
-0.0845058
-0.00521683
0.10732
0.140465
0.467791
-0.584583
-0.471837
-0.455152
-0.0141892
-0.372607
-0.126318
-0.14047
-0.0150025
-0.127893
0.144652
-0.213525
-0.346057
0.449101
0.466629
0.534229
-0.147043
-0.193261
0.198674
0.253267
0.326781
0.323028
0.068239
-0.0879188
-0.716302
0.0646932
0.034447
0.15903
-0.454889
-0.371559
-0.199364
-0.491981
0.487808
0.0277836
0.212442
0.504017
0.53163
-0.374868
-0.0409666
0.305725
0.153662
-0.148174
-0.430441
-0.416804
-0.347695
0.13883
0.242664
-0.00317994
0.390174
0.28229
0.494255
-0.465122
-0.194217
-0.2366
0.0126642
-0.370618
-0.158773
-0.0744993
0.191883
0.244574
0.355389
0.0729591
0.0415533
-0.033797
-0.0814067
-0.310424
0.257115
0.059267
-0.0593852
-0.409911
0.0557205
-0.306315
-0.225387
0.514352
0.371092
-0.3768
-0.559985
0.270005
-0.140619
0.218643
0.237508
-0.0224156
-0.456507
-0.0786651
-0.237848
-0.422595
-0.208352
-0.10158
-0.364215
0.281647
0.0796752
-0.0945465
0.0667723
-0.184475
0
0
-0.0140888
0.342431
-0.0982905
-0.0136433
0.436179
0.0831506
0.0847522
0.691931
0.371034
0.00855934
-0.701743
0
-0.254374
0.167588
0.450141
0.0685754
-0.545744
-0.353862
-0.0601076
0
0
0
-0.227192
-0.122598
-0.0554833
0.683365
0.524804
0.210315
0.236455
0.188863
0.0688123
-0.149365
0.355771
0.0344995
0.383229
0.136182
-0.06436
-0.490867
-0.0820992
0.36808
-0.448344
0.328691
-0.448034
-0.0200386
0.0375338
-0.767213
-0.637765
0.0549387
0.535616
0.121464
-0.574864
-0.373849
-0.174945
-0.482267
0.25411
0.468712
-0.101051
-0.477837
-0.218848
0.409411
0.0954716
0.0413133
-0.0164118
0.149914
0.0251876
-0.284485
0.150535
0.184374
-0.0580713
-0.323157
-0.429496
-0.405711
-0.528069
-0.231415
-0.476581
-0.397573
0.461711
0.484412
0.0672955
0.548201
0.65321
0.418752
0.746881
0.324752
-0.572077
0.288235
-0.0934612
0.106152
-0.130982
-0.183901
0.0080811
