-0.253163
-0.423582
0
0
-0.140836
0.0142031
0.0715076
-0.265114
0.038496
0.0543224
0.102025
0.131959
0.244601
0.0104048
-0.188516
-0.00452629
0.194609
-0.0811669
-0.313607
0.301972
0.115882
0.253069
-0.554389
-0.250461
-0.165016
0.764478
-0.0829921
-0.339586
-0.51817
0.573674
0.0433719
-0.435584
-0.0200479
-0.100933
-0.119377
1.03893
0.340028
0
0
0
-0.109117
0.38288
-0.548528
0.0698041
-0.219683
-0.0213297
0.688611
0.22383
-0.464754
-0.16672
-0.342434
0.326204
0.940416
-0.0478832
-0.0534229
-0.12894
0.259879
0.0712321
-0.41365
-0.0659557
-0.0974754
0.336047
0.611938
0.0809917
-0.372513
-0.0200619
0.237483
0.11375
0.358089
-0.0739515
-0.00921429
-0.538566
-0.271023
-0.0870785
-0.309103
-0.269419
0.146874
-0.691831
-0.367232
0.149276
0.0396118
-0.415276
0.0440923
0.0328255
-0.668929
-0.71331
-0.678556
0.347713
0.163486
0.00318286
0.189536
0.0191225
0.11992
-0.458524
-0.322891
-0.0204911
0.126597
0.309848
0.29705
0.240006
-0.132181
-0.369057
-0.0840908
-0.264637
0.00348012
-0.27115
-0.416226
-0.0879186
-0.144496
-0.00718616
-0.231229
-0.0345026
0.0773963
0.299582
-0.142357
0.0664432
-0.164328
-0.42758
0.124367
0.01594
-0.070544
-0.204637
-0.213611
-0.42217
0.00636919
-0.30698
-0.0236861
-0.159567
0.177895
0.338871
-0.37417
-0.152915
0.470878
0.403244
0.256501
-0.197261
0
0.115311
0.151705
-0.022825
-0.138899
-0.17238
0.160247
0.227366
-0.299683
-0.569081
0.51805
-0.343087
0.148726
0
0
0.39138
0.416893
-0.024893
-0.637147
-0.380643
0.272327
0.449715
0.325106
0.143762
-0.115221
0.284981
0.260261
0.179107
-0.0386263
0.297375
-0.370094
-0.686127
-0.129056
0.243736
0.0436208
0.0376452
0
0
0
-0.00215071
-0.539251
-1.02879
-0.310233
0.128798
-0.377355
-0.167847
-0.326127
0.0620985
0.888984
0.703669
0
0
0
0
0
0
0
0
0
0
0
0
0
-0.249931
-0.324931
-0.51499
-0.407596
0.0414791
0.050959
-0.0900095
0.00944607
0.276118
0.568758
-0.358573
-0.118075
0.295962
-0.254112
0.0568962
-0.10711
0.592869
0.156923
-0.855633
0.114115
0.366731
-0.449457
0.295784
0.494535
-0.426352
-0.16685
-0.153114
-0.233153
0.171755
0.116938
-0.202662
0.0535158
0.324121
0.162258
0.395203
0.448294
-0.416538
0.383293
-0.0133629
0.0962079
0.258904
0.547751
0.509364
-1.41632
-0.163886
0.44614
0.0873604
0.205568
0.346019
-0.77283
-0.267238
0.436239
-0.066587
-0.318911
-0.0162033
0.212971
-0.0424366
-0.249727
0.397187
0.667469
0.0348988
-0.294302
0.363978
-0.140237
-0.771634
-0.128079
-0.0766959
0.326498
0.0943644
-0.0318729
0.358187
0.848042
0.207536
0
0
0
0.184064
-0.344971
0.0111834
-0.438524
0.0711604
-0.0143065
-0.134945
-0.0478785
-0.285539
0
0
-0.416444
0.597197
0.209708
0
0
0
0.598619
0.236741
0.208628
-0.0482056
-0.490732
-0.401853
0.0923951
-0.480483
-0.500077
0.0779669
-0.555691
0.319821
0.405245
-0.049907
-0.702672
-0.260213
0.300059
0.434604
-0.0715032
-0.316227
-0.838208
-0.09994
-0.3144
-0.309741
0.121809
-0.0065071
0.342184
-0.293072
-0.745876
-0.341815
0.699938
0.171744
-0.200189
-0.0433126
0.109273
0.236427
-0.027801
0.11763
-0.0831189
0.416658
0.658186
0.076122
-0.111674
-0.601422
-0.798224
-0.0593954
0.222491
0.108708
-0.226659
-0.0427045
0.666752
0.303575
-0.359163
-0.145262
0.586441
-0.443257
0.226703
-0.175546
-0.0601617
0.290113
-0.199236
0.0325341
0.204979
0.209425
-0.473548
0.47626
-0.134769
-0.559716
0.0279793
0.308414
0.325537
0.482148
0.230541
-0.405863
-0.0825954
0.186159
0.0205573
-0.0786371
0.30572
0.0805361
0.0619117
-0.11265
0.371574
0.176632
-0.0457365
0.133484
-0.290247
-0.328017
-0.173001
-0.171361
-0.436619
-0.0767775
0.0269558
-0.170621
0.220464
0.15372
0.0915811
-0.290764
-0.157624
-0.198043
0.0896665
-0.480607
-0.0738993
-0.335799
-0.273663
-0.13985
0.0138788
-0.180678
0.624493
0.557295
0.329916
0.294317
-0.326334
0.198752
0
0
0.0740566
0.107353
-0.201468
0.0937966
-0.514453
-0.517815
-0.254802
0.369211
0.0170956
0.00394049
0.100183
-0.0561561
-0.60579
-0.218277
0.673562
-0.00979377
0.567268
0.213244
-0.545456
-0.00741089
0.319829
0.218737
0.099896
-0.489729
-0.0166335
0.204217
-0.648128
-0.49925
-0.0343223
-0.16593
-0.326395
0.28751
-0.142515
-0.275746
-0.732733
0
0
0
0.501572
-0.0079608
0.579466
0.0696811
0.512649
0.573966
0.163256
0.191865
0.345428
0.47206
0.0241297
-0.422592
-0.0213428
0.0150585
0.898711
0.744059
-0.414922
-0.845876
-0.220901
0.202683
-0.072303
-0.373255
-0.0643946
0.18543
-0.246904
-0.180117
-0.40767
0.0330672
-0.312677
0.00197701
0.672023
0.48916
0.17373
0.52251
0
0
-0.101309
-0.167609
-0.38274
0.0715789
-0.349853
-0.408135
-0.153914
-0.0312534
0.0394718
0.00600225
0.0192882
-0.324379
-0.348307
0.137813
-0.308807
-0.216673
-0.0991762
-0.151182
0.0683978
-0.154567
-0.0832254
-0.165834
0.394368
-0.19219
0.223086
0.177542
0.22121
0
0
-0.257713
-0.380611
0.188285
-0.178042
-0.392107
0.484507
0.286018
0.549141
-0.396464
0.225836
0.0777385
-0.427551
0
0
0
0
0.0365886
-0.363442
-0.164156
-0.498615
-0.402607
-0.436509
-0.0959289
-0.582736
-0.14686
-0.50655
-0.351557
-0.13377
0.087944
0.157375
0.112294
0.318808
0.0166131
0.0228877
0.245863
-0.313345
-0.294448
0.202053
0
0
0.0478452
0.0379471
-0.182562
-0.474083
-0.665327
-1.09593
0.0856817
0.7088
0.0172365
0.241144
-0.287825
0.0749813
-0.288301
0.0298096
-0.192117
-0.254213
0.818192
0.497185
0.307331
0.208522
0
0
0
0
-0.471166
0.573202
0.175042
-0.476452
-0.6214
-0.0550731
0.187747
0.250819
-0.340175
0.217858
0.774652
0.303213
0.194085
-0.0393762
-0.0295852
0.250495
0.384066
-0.0964351
-0.197334
