-0.0445998
-0.167246
0.351207
0.253005
-0.0471719
-0.649684
-0.197668
0.0315918
0.200604
0.349166
0.234022
0.0328191
0.455491
0.527521
-0.000414878
-0.287745
-0.399707
-0.320128
0.337823
-0.212267
0.155563
-0.600561
-0.0563811
0.105213
-0.0871992
0.0415253
-0.292955
0.343198
0.0290625
-0.260569
0.0696855
0
0
0
0.649821
0.190244
-0.152082
0.40303
0.0432234
-0.101781
-0.279899
-0.295092
0.177089
0.310882
0.157124
-0.0822606
0.0929886
0.13904
0.196044
-0.0202429
0.0230221
0.156537
0.225018
-0.175977
-0.325933
0.294571
0.498864
0.0441785
0.101422
-0.0525812
-0.559717
0.0520129
0.0198912
0.167637
-0.0366688
-0.139891
-0.218688
-0.184604
0.268411
0.323138
-0.110667
-0.0987486
-0.14747
-0.218659
-0.200129
0.0625007
0.0458056
0.0412388
-0.55107
-0.354486
-0.0177103
0.467734
0.743279
-0.313979
-0.685744
-0.852132
-0.453682
0.16137
-0.235458
-0.412431
0.249551
0.435526
0.118046
-0.597466
0.0855043
0.480748
-0.155027
-0.204283
0.127948
-0.0846151
0.26667
-0.210962
-0.0292399
-0.208638
-0.238016
-0.598118
0.462629
0.46309
0.303666
0.406146
0.0614567
-0.354678
-0.167316
0.45
0.577224
-0.308269
0.137241
-0.193493
-0.467048
-0.0304539
0.357082
-0.659839
-0.571796
0.239428
0.181868
0.120824
0.137369
0.146643
-0.192578
-0.13281
0.329444
0.269243
0.0530045
0.056712
0.598352
0.245782
0.056358
0.0428911
-0.83598
0.222838
0.568025
-0.152845
0
0
1.46827
0.296937
-0.759235
-0.290389
-0.0290248
-0.439129
-0.955005
-0.145927
0.0920077
-0.166897
-0.206679
-0.886436
-0.246201
0.0290979
-0.0610161
-0.300569
0.0399328
0.60404
1.05777
0.484187
0.0311234
-0.383666
-0.294836
0.102654
-0.327315
-0.431274
0.00363014
0.272826
0.210512
-0.227138
-0.608755
-0.643349
-0.163957
-0.116587
-0.0417033
0.0223826
0.138704
0.470471
0.107878
-0.0122673
0.175142
0.443472
-0.120564
-0.207376
-0.0974941
-0.884498
-0.237311
0.101213
-0.160107
-0.217954
0.204064
0.337878
0.06693
0.0992915
0.397947
0.200356
-0.169188
-0.168095
-0.367628
-0.509709
-0.449849
-0.282267
-0.523948
-0.0635814
-0.261343
-0.44951
0.143764
0.450334
0.0490723
0.262725
0.389265
0.175127
0.339946
0.778172
0.555763
-0.0915774
0.444312
0.44822
0.888858
0.481026
-0.112175
-0.424186
-0.324466
-0.172906
-0.216006
-0.0918859
-0.329854
-0.538659
0.294698
0.18717
0.235995
-0.0377489
-0.201496
0.439055
0.50436
0.198413
-0.215619
-0.229275
-0.644281
0.0222675
-0.183445
-0.193601
0.228547
0.215474
-0.00917406
-0.380894
-0.366025
0.591595
0.383403
0.500453
0.129521
-0.107182
0.54625
0.0185633
0.143103
-0.0506654
0.436687
0.14214
-0.184693
-0.62695
-0.0719112
0.0612455
0.464518
0.693214
1.07859
0.65249
-0.125004
0.334404
0.258912
0.208264
0.216859
-0.396387
-0.38635
-0.230607
-0.413636
0.592451
0.846925
0.0229736
-0.517456
-0.126508
-0.594862
-0.622947
-0.237594
-0.0349545
0.234986
-0.213243
0.38422
0.633322
0.606102
-0.00520723
0.0221521
-0.914749
-0.479575
-0.234518
-0.341605
-0.123195
-0.288504
-0.46306
-0.087082
0.303547
-0.0182358
0.0406751
0.26848
0.248835
0.218164
-0.392732
0.0103458
-0.257112
0.12211
-0.217582
0.0462501
-0.16525
-0.533127
-0.3872
-0.564335
-0.387797
-0.226731
-0.0914937
-0.0327795
0.26245
0.596976
0.408523
0.442543
0.611012
0.226022
0.194346
0.453822
-0.128817
-0.282816
0.0538832
-0.207675
0.457096
-0.0491689
-0.599899
-0.604402
-0.315696
-0.446245
-0.0254533
-0.244076
0.0708592
0.0758222
-0.350674
0.237668
0.799363
0.135642
0.0210214
0.0701391
0.260538
0.34853
0.171474
0.3978
0.0134645
0.0184561
-0.198586
0.121392
0.349569
0.0556346
0.192029
0.463859
0.411238
-0.246554
0.0223187
0.318875
0.30254
0.127476
0.000228359
-0.234805
-0.271739
-0.56884
-0.365552
-0.0601959
-0.423496
-0.0260911
0.0229398
0.372784
0.702706
0.199341
-0.284544
0.0504519
0.261795
0.22685
0.250054
-0.338492
0.100076
0.246896
-0.113919
0.201378
0.324337
0.218622
0.000330645
-0.416792
-0.28417
-0.280573
-0.209485
-0.000607882
-0.289029
0.284216
0.462113
0.275423
0.0380538
0.0354341
-0.294312
0.590392
0.479946
0.563109
0.275698
0.0022157
-0.688987
0
0
0
-0.301547
0.526765
0.226069
0.107781
0.268684
0.77426
0.216848
-0.49394
-0.108641
0.144735
-0.346296
-0.873134
-0.671119
-0.41224
0.0276026
0.363002
-0.113735
-0.318946
-0.258792
-0.0566731
0.199796
0.0507648
-0.443066
0.0827764
0.513138
-0.224414
-0.630604
0.12816
0.349169
0.131919
0.289028
-0.138251
0.333899
-0.0545328
0.0161012
-0.242175
-0.341942
-0.287956
-0.0650786
-0.0762982
-0.401382
-0.295835
-0.274702
0.0385025
-0.1102
-0.383731
-0.323033
-0.326838
-0.321113
0.091983
-0.110015
-0.26917
-0.267456
-0.563026
0.913485
0.771963
-0.307814
0.0555905
-0.276672
-0.0875163
-0.0967601
-0.714933
-0.597492
-0.190041
0.217774
0.0817181
0.149469
0.33237
0.392645
0.121135
-0.10638
-0.208106
-0.282814
0.213529
-0.50687
0.0775354
-0.0895515
-0.451719
-0.38151
0.289935
0.0654231
-0.427493
-0.814733
0.219309
0.0206145
-0.100184
-0.845064
-0.739329
0.200139
0.0768307
-0.196863
-0.374559
0.522791
0.386195
0.0889489
0.206039
-0.520272
-0.0244055
-0.138104
-0.127643
0.458955
0.246627
-0.00615486
-0.188449
-0.0380743
0.58005
0.782378
0.171208
0.24096
0.209593
0.121942
-0.114153
-0.107316
0.0359161
0.255832
0.346931
0.256558
-0.170849
0.227381
-0.712946
-0.293957
-0.335814
0.106284
0.142549
-0.378836
-0.444173
-0.196753
-0.510328
0.164618
0.671465
0.33915
-0.00687565
-0.583896
-0.316688
-0.908501
-0.174455
-0.115651
-0.35484
-0.599124
-0.971874
-0.701231
-0.136851
0.533393
0.101675
-0.261226
-0.295067
-0.498242
-0.274118
-0.274554
-0.172607
-0.314882
0.491072
0.496853
-0.00300548
-0.514568
0.136038
0.265203
-0.0720249
0.380674
0.659698
0.218493
-0.127597
-0.208717
0.398368
0.679953
0.513252
0.110262
-0.233483
0
0.50907
0.320836
0.0300324
-0.213947
-0.289654
-0.895397
-0.366248
-0.236236
0.308693
-0.46112
