-0.490075
0
0
-0.421439
-0.335111
0.258779
0.0496895
0.631377
-0.110447
-0.249929
0.489151
0.184173
0.207587
0.0335942
-0.0460668
-0.116893
-0.191285
0.845071
0
0.0533245
0.338349
0.130554
-0.172997
-0.525189
0.256407
0.150969
-0.430239
0.219617
0.157896
-0.073933
-0.130418
-0.25436
-0.655835
0.440152
0.0861821
0.265481
-0.133439
-0.248321
-0.215616
0.0282811
0.185775
-0.338707
-0.181392
0.20692
0.304515
-0.313331
-0.569061
-0.556724
0.0450581
0.440001
0.064474
0.676145
-0.222606
-0.42433
0.237777
0.0540977
0.00738562
0
0
0.120821
0.661459
-0.39166
-0.105121
-0.479542
-0.179308
-0.274263
0.224396
-0.353481
-0.607785
-0.0879717
0.364093
-0.00103212
-0.382907
-0.293616
-0.116067
0.138653
-0.0796989
-0.393873
0.213654
0
0
0
0
-0.082045
0.0220597
0.500613
0.0053166
-0.205121
-0.0343316
0.288952
0.0601023
-0.154678
-0.126203
-0.0963329
-0.536649
-0.044673
-0.0783065
-0.173326
-0.072021
0.0225339
-0.272826
0.448024
-0.356599
-0.180096
-0.17938
0.121187
0.234392
-0.0568074
-0.2637
-0.208771
-0.0579764
0.188128
-0.238401
0.370369
0.438018
-0.462773
-0.579733
-0.738662
-0.460454
-0.179191
-0.397635
-0.723745
0.0287558
-0.108251
-0.0584605
-0.170785
-0.177281
0.0594571
0.0251548
0.695573
0.715591
0.281705
-0.0229594
0.853086
0.859207
-0.265059
0.166917
0.042628
0.148349
-0.0385487
0.0130676
0.125864
-0.203222
0.072984
0.0669844
0.209116
-0.264847
-0.0653029
0.369162
0.0622247
0.211404
-0.0384585
-0.080331
-0.0520005
-0.0615773
0.226143
0.148358
-0.0130799
-0.414101
-0.00316516
0.0875262
0.361525
-0.31864
0.208628
-0.363684
-0.264047
-0.137932
-0.137396
-0.30653
-0.0182066
0.354016
0.261464
0.309188
-0.190349
-0.256087
0.0954632
-0.124349
0.197332
0.404124
-0.0187754
0.0777835
0.250094
0.486052
-0.223462
-0.305598
-0.390208
0.109356
-0.199369
-0.123371
-0.462172
-0.139439
0.104411
0.236786
0.115083
0.0797447
0.0770055
0.0353508
0.286882
0.353715
-0.278418
-0.166702
0.46618
-0.749928
-0.454459
-0.153558
-0.366732
-0.317656
0.215126
-0.0343232
-0.0656513
0.313833
-0.276125
-0.0272597
-0.014105
0.114978
0.0613078
0.323434
0.104275
-0.0356898
0.16265
0.113391
0.0120462
0.03966
-0.127493
0.0385122
0.295659
-0.124433
0.141524
-0.0543408
-0.203844
0.0991659
0.0798644
0
0
-0.303918
-0.0559706
-0.461391
0.121202
-0.372179
-0.399212
0.8663
-0.39638
-0.191617
-0.0128157
-0.320766
-0.102333
0.288042
0.275866
0.492396
0.477214
0.294399
0.0797045
-0.306879
-0.380702
-0.0628552
-0.329725
-0.390483
-0.421933
0.104358
0.00529144
-0.0607502
0.0446055
-0.597347
-0.264999
-0.185083
-1.03409
-0.916895
-0.27762
-0.541547
0.182914
-0.00927262
-0.383156
0.289461
0.268182
0.0723475
0.0377884
0.487689
-0.222578
-0.478782
0.288028
0.634612
0.241462
0.18632
0.226092
-0.17058
0.355801
-0.192812
0.0635375
-0.0798142
0.0263888
0.0692444
0
0
0.207699
-0.20567
0.540161
0.574698
-0.237009
-0.389866
-0.286216
-0.381513
-0.463358
-0.183556
-0.281527
0.0178686
0.0942119
0.476567
-0.215774
0.169247
0.18841
-0.324895
0.057299
-0.068731
-0.0906706
-0.338244
-0.191391
0.342708
0.473643
0.591751
0.111622
0.222224
0.0758134
-0.377568
-0.2497
-0.164962
0.376559
0.259706
0.225943
0.215697
0.263872
-0.0201889
-0.839074
0.724227
0.962177
-0.0574951
0.0306465
-0.628865
0.219215
-0.447955
-0.178856
-0.17681
0.00649827
0.0129937
-0.149963
-0.112081
-0.012451
0.0172377
-0.178449
-0.212841
0.0924669
0.265052
0
0
0.891319
0.0522858
-0.0838741
-0.15933
0.000121475
-0.168843
-0.383283
-0.249103
-0.150496
0.192625
-0.295958
-0.751244
-0.257014
0.155408
-0.0429396
-0.277945
0.0407892
-0.0923159
-0.0163225
-0.316444
0.600805
0.455439
0.071968
-0.386055
-0.198738
-0.243089
0.112367
0.320878
-0.00111908
-0.0277019
0.145097
-0.307585
-0.243369
-0.0498309
-0.0280311
-0.0372946
-0.162996
-0.405596
-0.0972178
0.441704
-0.128192
-0.0945711
-0.524134
0.00552133
-0.197183
0.123393
0.0950926
-0.0101971
-0.706549
-0.241605
-0.554065
-0.371349
0.62505
0.337044
0.160429
-0.125865
-0.60156
-0.268406
0.299279
-0.0259864
0.0646498
0.130802
0.157667
-0.268022
-0.467804
-0.0957566
0.315161
-0.534048
0.343932
0.194358
0.0126383
0.0420923
0.420584
-0.0380116
-0.177876
-0.10197
0.119651
0.283758
0.124564
0.514596
0.204506
-0.0510074
-0.365891
-0.208376
-0.0508795
-0.3524
-0.180875
-0.317041
0.364114
-0.117738
0.00440835
-0.0932298
-0.475446
0.177628
0.102742
0.199564
0.202546
-0.161829
-0.171363
-0.51984
0.158529
0.0366877
-0.419969
-0.584718
-0.555276
-0.10893
-0.0420466
0.202209
-0.260373
0.294691
-0.0403543
-0.476348
-0.537273
0.159867
0.309641
0.217948
0.183977
0.0189174
-0.383426
0.145618
-0.272461
0.215862
-0.0333742
-0.207445
-0.161848
-0.433054
-0.243249
0.102116
-0.410268
0.0270709
-0.191245
-0.572055
-0.388657
-0.181495
-0.180863
0.301997
0.0488046
-0.243294
-0.64417
-0.55485
-0.297315
-0.0841402
-0.169306
0.203165
0.259502
0.29769
0.2001
0.362937
-0.0553487
0.261191
0.19361
-0.086384
-0.0288965
0.0498549
0.0970025
-0.598283
-0.39818
0.529126
0.122727
0.345152
-0.164848
-0.586257
-0.641361
0.432642
0.108675
-0.0278524
-0.474938
-0.144035
0.0634007
0.0757569
-0.405027
0.0686598
0.342308
0.591619
-0.293508
0.00497367
-0.255591
0.158104
-0.228903
-0.0507327
-0.0830797
0.276763
0.0498168
-0.341945
0.0404634
-0.0653177
-0.0697365
-0.336231
0.118377
-0.0643388
-0.338866
-0.0523083
0.242966
0.260074
-0.20934
-0.949744
-0.549504
-0.40582
-0.137939
-0.0831978
0.379518
0.38913
0.240765
-0.0428067
0.0385166
0.306688
-0.43566
-0.181338
0.00381814
-0.103498
-0.36078
-0.0273361
-0.0832252
0.147303
0.189203
-0.260997
-0.370419
-0.144372
-0.0868071
0.0177878
0.192437
0.0192649
0.141481
0.483214
0.504898
0.0386457
0.0417858
0
0
0
0.20112
-0.344416
-0.0396137
0.203281
0.00921956
0.11253
-0.409451
-0.936247
-0.254689
-0.649001
-0.0328459
