0.509556
0.530226
0.783968
0.366152
-0.381633
-0.58368
-0.0850437
0.789904
-0.667197
-0.551089
-0.153863
-0.349802
-1.02641
-0.471305
0.576152
0.027022
0.31791
0.353109
0.0706654
0
0.0855574
-0.927646
-0.546743
-0.370681
0.170133
0.852737
0.585213
0
0
0
-0.592522
0.262321
0.83208
0.2708
-0.391897
0
-0.385405
0
0
-1.22337
-0.354682
-0.122421
0.192594
0.1548
-0.00908853
-0.244166
-0.163669
0.0477354
0.782854
0.692801
0.35345
0.439706
0
0.335229
0
0
-0.23005
0
0
0.00493806
-0.384208
0
0
0
0
0
0
-0.326046
0.248815
0.118647
0.275262
-0.269026
-0.0518986
-0.979843
0
0
0
-0.259802
-0.402467
-0.249773
0.380147
0.198702
1.20901
0.0579108
0.334055
0
0
0
-0.0167521
0.109844
-0.145619
0.285508
0.0382041
-1.28524
0.664766
-0.582012
0
0
0
0
0.241992
-0.663775
0.170713
0.203805
-0.193382
-0.489789
-0.103498
0.191452
0.694699
0
0
0
0
-0.0769369
-0.231686
0.238535
-0.0535227
0.0976648
-0.12879
0.236151
0.540739
0.294681
0.291202
0.00942329
-0.099798
-0.284409
0.231364
-0.245051
0
0
0
0
0
0
0.273116
0
0
0
0
0
-0.549114
-0.459957
0.549187
0.516649
0.955291
-0.405365
0
0
-0.502577
0.0308599
0.128232
-0.0264863
-0.549657
-0.0120732
-0.158896
-0.11843
0.567086
0.438108
0.0161033
-0.0840508
0.233832
0.240313
-0.168748
-0.313777
0
0
0
0.592895
0
0
-0.123469
-0.389496
-0.307419
-0.0371086
-0.158713
0.451131
0.324422
0.173723
0.0921949
-0.0799194
0.207995
0.592081
0
0
0
0
0.554696
-0.190462
0
0
0.72308
0.256731
0.680421
0.31287
-0.753803
-0.495607
-0.240635
-0.232692
0.121395
0.00750825
0.00770306
0.254789
0.687719
0.336275
0.159224
0.134359
0.160574
-0.397755
0.0849867
0.0403544
0.0308631
-0.0256071
0.0852705
0.0356924
-0.0831953
-0.213949
-0.324265
-0.0699949
0.112861
0.0178062
-0.144999
0.136893
0.0388418
0.0782478
0.246725
0.00377887
-0.621193
-0.832037
0
0
0
0
0.824169
0
0
0.213215
-0.065273
-0.0261955
0.0948183
-0.0885101
0.203736
0.14597
-0.029644
0
0
-0.0924019
-0.0030676
-0.0165958
0
0
-0.104189
-0.0444127
-0.561324
-0.129592
0.151379
0.899437
0.206241
0.126417
-0.150255
0.00492888
0.410972
0.525339
0.225285
-0.260282
0.173513
0.346499
0.176087
0.369531
0.0719295
0.227522
0.360054
-0.155965
-0.123434
0.324715
0.395797
0.128367
0.264831
0.249318
0
0
0
-0.422592
0
0
-0.249373
-0.374768
-0.222334
-0.415809
-0.123618
-0.0449074
-0.236368
-0.171291
0.072949
0.381448
0.210526
0
0
0
0
-0.544235
-0.313558
-0.428022
-0.282997
0
0
-0.0209716
-0.158649
0.267577
0
0
0.142198
-0.336542
0.657738
-0.0126825
-0.0278758
-0.0253198
0
0
0
0.688107
-0.167392
-0.370161
-0.15449
-0.784476
-0.553178
-0.330256
-0.121356
0.296643
0.4591
0.0382767
0.509075
0.880212
0
0
0
0
-0.732533
-0.557193
0.335132
1.01012
0.439102
0
0
0
0
0
0
0
0.0563986
0.265301
0.158515
0.399969
0.369438
0.124153
0
0
0
0
-0.0768135
-0.060373
0
0
-0.20512
-0.526573
0
0.348347
-0.638352
-0.19865
0.0264514
1.10949
0.252828
-0.243522
0.321653
-0.0444797
0.173295
0
-0.0378832
0.166215
0.203314
0
0
0.217722
0.285179
0
0
0
0
0
-0.393457
0.0200778
0.149391
0.298974
0.205322
0.425925
0.326564
0.218553
0.0103244
0.222794
0.41239
0
0
-0.00124962
-0.256959
-0.0873525
0.0996234
-0.00981686
0.119302
-0.144358
-0.0924308
-0.0157592
-0.0087242
0.255282
-0.049808
-0.257729
-0.423256
0.199662
0.27744
0.302571
0
0
0.192102
0.41827
-0.226185
-0.449563
-0.0865606
-0.192189
0.0714838
0.461095
-0.198603
-0.283162
0.12955
0.00527749
0.0827766
-0.252442
0
-0.190825
-0.0856854
0.01932
-0.036543
-0.143762
0.13104
-0.153149
0.0789262
0.090313
0.307774
0.206321
-0.131706
-0.6685
-0.308846
-0.322742
-0.108877
0.44606
0.811001
0.384875
0.186119
0.199637
0.315675
0.00950473
-0.231261
-0.178709
0.0568319
-0.28789
-0.0104665
0.555764
0.323466
0.151091
0.0910677
0.129531
0.000953594
-0.184792
-0.0645993
0
0
-0.270909
0
0
0
0
0
0
0
0
0
0
0
0
0
0
0
0
0
0
0.0894351
-0.00744576
0
0
0.149558
-0.0503915
0
0
0
0
0
0
0.615868
0.41073
-0.368397
-0.0727243
-0.411689
-0.294888
-0.113979
0.025652
0.191777
0.295667
-0.266739
-0.522529
0.607555
-1.06481
0
0
0
0
-0.782312
0
0
0
0
0.0129623
0.213215
0.563532
1.24077
0.169483
-0.284717
0.0517474
-0.081003
0.295712
0.432781
-0.280115
-0.727745
-0.195068
0
0
0.060279
0.0599486
0.337144
-0.500528
-0.0076561
-0.378599
0.376399
0.111313
0.345533
0.450382
-0.434315
-0.256503
-0.14086
0
0
0.0325347
0.558157
0
0
0
0
0
0
0
0.497855
0.392006
0.131419
0.578596
0
0
0
0
-0.0075473
-0.335697
-0.630745
-0.393313
0
0
0
0
0
0
0
0
0
0
0
0.345209
-0.136223
0
0
0
