0.254958
-0.0162453
-0.280004
0.107597
0.180214
-0.0139953
0.298875
0.309701
0.401389
-0.539435
-0.623514
-0.0126228
0.120341
0.156736
0.127615
0.0661929
-0.610322
0.0433733
-0.0229271
0.393162
-0.0530406
0.0809785
0.0488717
0.0773882
0.587079
0.602421
-0.14204
-0.625585
-0.00499896
-0.0180196
0.192964
0.106247
0.0983028
0.169901
-0.0375252
0.42171
0.00770646
-0.211978
0.110897
0.0415046
-0.0362968
-0.361192
-0.0277122
0.0456219
0.124876
0.166734
-0.0466159
-0.0376358
-0.246694
0.129675
0.261946
-0.197624
-0.158438
-0.741911
-0.300532
-0.309671
0.104735
-0.126457
0.0455423
-0.297884
-0.277056
-0.377956
0.197395
-0.013057
0.247071
0.0307068
0.315579
0.152282
0.313867
-0.322144
0.178958
0.442112
-0.279545
0.0110607
-0.135809
0.160277
0.338647
-0.0492479
-0.166987
-0.229161
-0.127519
0.0573389
-0.0388735
-0.124975
0.124852
-0.335741
0.0953101
0.020848
-0.0966889
0.0439571
0.39921
0.139894
-0.381385
0.294905
0.415941
-0.411352
-0.392259
0.0568827
0.403414
0.134383
0.260514
-0.00911179
-0.385021
-0.212375
0.0104966
0.492647
0.596354
0.424367
0.00956365
-0.206231
-0.563719
-0.368886
-0.0107784
-0.0288374
0.00640929
-0.0708529
0.414352
-0.17646
-0.156125
0.0568036
-0.317027
-0.0559054
-0.261749
-0.0454562
0.028176
0.0993169
-0.269903
-0.0418861
0.221643
0.341831
-0.206024
-0.286547
-0.332213
0.0796283
0.116291
0.0305338
0.431377
0.334653
0.15008
-0.0577778
0.232094
0.383351
-0.275133
-0.399163
0.0845832
-0.250087
-0.663879
-0.027954
-0.233318
-0.17434
0.241886
0.0864738
0.298011
-0.22827
-0.13463
-0.38603
-0.109493
0.236898
0.371447
0.161519
-0.118073
0.481762
-0.115694
-0.168303
0.141035
-0.0273638
0.169652
0.170993
0.145296
-0.16053
0.146281
0.383194
0.230021
-0.0968962
-0.313162
0.00110855
0.274569
-0.261241
0.104715
-0.115387
0.21185
0.0656857
-0.149219
-0.254214
-0.444485
-0.260217
-0.000407546
-0.044405
0.104705
0.13199
-0.360933
-0.0825723
-0.0117778
0.0703936
0.100856
-0.0632266
-0.0332137
-0.149788
0.138578
-0.167653
-0.41945
0.319009
-0.244014
-0.229601
0.328039
0.171427
-0.296048
-0.613136
0.0783442
0.0320738
-0.0706887
0.0525783
0.0397649
-0.271513
-0.144316
-0.175401
-0.297134
-0.110751
0.0830758
0.0808435
0.15775
-0.303878
-0.405271
-0.157673
-0.179095
-0.30384
0.100044
-0.0391051
-0.261244
-0.0994767
-0.0477235
-0.470454
-0.112725
0.477008
0.791809
0.0966981
-0.370276
-0.330163
0.00330298
-0.00093484
0.00642402
0.0327077
-0.37451
0.0820815
-0.630509
-0.2611
0.202492
0.263461
0.115924
0.325321
0.579537
0.597251
0.346267
0.307953
0.245937
-0.444845
-0.401847
-0.287082
-0.0741098
-0.234288
-0.312778
-0.0988114
-0.0427832
0.415488
-0.700971
-0.25174
0.433467
0.250025
0.161396
0.356108
0.262264
0.025038
0.16822
0.267083
0.359343
0.213767
0.375846
-0.404976
-0.13258
-0.0262733
-0.0403497
0.0346832
-0.262519
-0.196435
0.00856457
-0.343876
-0.262813
0.0854654
0.103113
0.103316
0.148398
0.0266676
0.501712
0.340237
-0.192356
0.0786835
-0.095067
-0.106898
0.401285
0.163828
0.0180572
-0.0917049
-0.0354446
-0.137116
-0.10899
-0.18099
-0.334685
-0.192357
-0.277896
-0.315799
-0.193148
0.206869
-0.176682
-0.0241305
0.110102
0.0757184
-0.107836
0.200204
0.318291
0.133026
0.257844
-0.0257598
-0.125054
-0.268869
-0.144726
0.322248
0.399749
0.105978
-0.125162
-0.0546316
0.0290931
0.00370103
0.21951
0.316368
-0.227688
0.404179
0.553697
0.0238657
0.244879
0.132349
-0.00332317
0.264837
0.262018
-0.141868
0.0382444
0.0861795
-0.399624
-0.0095053
-0.249709
0.437371
-0.307056
-0.539137
-0.10357
0.104078
0.454038
0.412717
0.30979
-0.201165
-0.122593
-0.340504
0.575227
0.181634
0.0669053
0.0975116
0.132681
-0.151297
0.259459
0.73075
-0.194309
0.210467
0.426517
0.019138
-0.297368
-0.527653
-0.291342
-0.135648
0.000923719
-0.0305661
0.157735
0.289627
0.182828
0.148605
-0.125977
-0.462012
-0.612398
0.177819
0.366826
-0.305972
-0.431887
0.0619701
0.218294
0.203943
0.0848814
-0.0827591
0.0805774
-0.298093
0.028632
0.326013
0.409355
-0.18551
-0.157468
-0.542615
-0.35743
-0.278602
-0.0167306
0.282041
-0.122557
-0.253163
0.191553
0.0892569
0.15269
-0.0252852
0.369781
0.143614
-0.069799
-0.156654
-0.368706
-0.0441332
0.00607443
-0.200489
0.234157
0.0878275
-0.062975
-0.281159
0.0386332
0.248688
0.257654
0.194271
0.227293
-0.102458
-0.423865
-0.349417
-0.0983069
-0.243595
0.00735419
-0.224207
0.15914
-0.149045
-0.428381
-0.0441542
-0.0246214
0.0481623
0.20497
0.129984
0.655264
0
0
-0.271174
0.148167
-0.0730023
-0.410322
0.160361
0.232381
0.403305
0.448642
0.288305
0.113371
-0.0307029
-0.208535
-0.184924
-0.199458
0.362417
0.107785
0.56098
0.362774
-0.0985272
-0.198393
0.286254
0.0320259
0.142263
-0.037807
0.0747971
-0.0426422
-0.0877065
-0.305929
-0.356933
-0.0606472
0.0671393
0.123609
-0.0875349
-0.127772
0.101504
-0.318088
-0.214761
-0.272062
0.130262
0.461247
0.269336
0.697246
-0.150465
-0.276912
-0.32535
-0.207826
0.291579
0.551879
0.128199
0.0046904
0.441751
0.224878
0.493186
0.0536949
-0.0516172
0.440751
0.215502
0.301841
0.495259
0.60291
0.237837
0.0234252
0.00993322
0.0895005
0.304371
0.102198
-0.0386449
0.018779
0.0260679
-0.309314
-0.132364
-0.314976
-0.247064
0.0108591
0.088516
-0.0904245
0.0481693
0.133434
-0.0742146
0.0961051
-0.0279795
0.197613
0.395755
0.380619
0.424956
0.452596
0.0705788
-0.119595
0.0674637
-0.112533
0.0784652
-0.0754769
-0.270538
-0.795945
-0.0229527
-0.0991973
-0.000294769
-0.323116
0.339413
-0.0467306
-0.076793
0.168409
-0.0739913
-0.103402
-0.0993397
-0.322797
-0.167697
0.173519
0.276783
0.179663
-0.166659
-0.178376
-0.411865
-0.0672921
0.438227
0.0352026
0.142461
0.816058
0.19431
-0.123528
-0.238955
-0.536349
-0.321129
0.905664
0.0131035
0.0430817
-0.147244
-0.14055
-0.12586
0.00633695
0.135602
-0.0148989
-0.0896174
-0.412259
-0.22312
0.220597
-0.196492
0.354608
0.325066
-0.282028
-0.453622
0.328116
0.0195124
-0.125415
0.111987
0
0
