-0.128228
0.377363
0.157869
-0.153312
-0.0753754
0.0647334
0.191183
0.206849
0.220632
0.164255
0.0641329
0.136371
0.341353
-0.117486
-0.296145
-0.0108204
0.22277
0.13508
-0.376018
-0.247929
-0.0175237
0.279423
-0.0573004
0.384814
0.730273
-0.298189
0.117546
-0.0440588
-0.46201
-0.0167551
0.290842
0.282895
0
0
0
-0.0787184
-0.161607
0.0459147
-0.0528291
-0.825724
-0.269892
0.000903314
0.167577
-0.511568
0.0348095
0.263416
0.321691
0.0568393
0.254707
-0.155255
0.429895
0.408525
0.158997
-0.214278
0.295852
0.31938
0.21388
0.00297624
-0.338565
-0.335611
0.182941
0.239039
-0.413349
-0.369245
-0.434339
-0.0473098
-0.166264
-0.281451
0.0399618
0.287309
-0.102835
0.235547
0.232562
0.146295
-0.318344
0.0321373
-0.106302
-0.0872755
0.285158
-0.159946
-0.536431
-0.0158108
-0.197265
0.00732388
-0.119388
0.129841
0.210708
0.0243814
0.193386
-0.207584
0.0964078
-0.183743
0.00550403
0.296284
0.0423925
-0.298434
-0.0594212
0.638239
0.0651524
-0.22548
-0.103716
0.0681632
0.248155
-0.0566546
-0.316481
-0.159506
0.0490699
-0.346607
-0.0258741
-0.196739
0.0792766
0.270692
0.188822
0.0396623
-0.0201183
0.222563
0.168715
-0.90645
-0.222701
0.680008
0.0113968
-0.231564
0.354756
0.216177
-0.307385
0.249262
0.245265
0.432175
0.241568
-0.265098
-0.323683
0.345095
0.0656194
-0.138487
-0.307766
0.220668
-0.30434
0.02763
0.223459
0.0648416
-0.316474
0.123579
-0.094831
-0.253444
0.301253
-0.26273
0.159309
0.196372
-0.23062
0.209534
0.0754436
0.00865717
0.534963
0.154492
0.0708599
0.129539
0.54713
-0.0513012
-0.49771
0.0533542
-0.0250368
0.937959
0.36967
-0.0683632
0.082055
-0.0627435
-0.0910631
-0.220506
-0.167071
0.141936
-0.282243
-0.33138
0.0499767
0.0550528
-0.00594226
-0.139682
0.300101
-0.349512
0.0186763
0.400291
0.11717
0.342921
0.622062
0.115681
-0.110325
0.0706313
-0.516491
-0.0680428
-0.0848995
0.178913
0.427366
0.633884
0.231434
0.331552
0.00223379
0.0579679
0.0128341
0.0706357
0.0636117
-0.198986
0.153465
0.26754
0.207486
-0.136884
-0.21064
-0.119093
0.123748
0.243019
0.452276
0.221304
-0.180159
-0.172929
0.00977074
-0.246237
0.028921
0.0709306
0.0962998
-0.400035
-0.209044
-0.327392
0.312055
0.17565
-0.0778018
0.135343
0.121968
0.193531
-0.0190311
0.116244
0.0632958
-0.609157
-0.209102
0.198377
0.43334
-0.037828
-0.70189
-0.438547
-0.0563231
-0.849028
-0.350064
-0.0894229
0.132726
0.746121
0.502278
0.0153893
0.172016
0.263183
0.156458
0.455939
-0.210917
-0.104941
0.145361
0.11556
-0.108188
-0.0324227
-0.0120888
-0.0403399
-0.0333043
-0.208313
0.40213
0.190606
0.147536
-0.265762
-0.260736
-0.295919
0.17447
0.565658
-0.166885
-0.238203
-0.152973
0.112053
-0.273557
0.163463
0.221294
0.458182
0.306569
-0.148666
-0.717155
-0.245917
0.472905
-0.132905
-0.465663
-0.172963
0.291501
0.052315
0.208121
-0.0808783
0.0808161
-0.0567609
-0.317575
-0.559019
0.540851
0.404332
0.490167
0.0476687
-0.0920852
-0.0818561
-0.293087
0.231946
0.146217
-0.0316563
-0.173295
-0.611581
-0.382049
0.412566
-0.0260217
-0.101841
-0.0197009
-0.229431
-0.111989
0.284003
0.105412
-0.0838881
0.112161
0.254007
0.659159
0.273831
-0.133238
-0.180236
-0.0179588
0.486809
0.106849
-0.00971763
-0.390768
-0.569301
-0.189627
0.334721
0.515295
0.424443
0.416051
-0.0637498
-0.0154493
-0.676975
-0.0316416
-0.180702
-0.634465
-0.302309
-0.0704382
0.00730523
0.247309
0.289919
0.103185
0.454076
-0.0298568
-0.174692
-0.150899
0.0385836
-0.216178
0.0488999
0.0620143
-0.210833
0.0359402
-0.232897
-0.050439
0.186763
-0.154158
-0.176299
-0.517707
-0.210637
0.0647277
0.0935597
-0.158698
-0.203392
0.1462
0.205258
-0.280528
-0.170516
-0.123195
-0.12627
-0.182471
0.263167
-0.0783631
-0.021884
0.330239
0.272214
0.612792
-0.130565
0.00760898
0.397934
-0.19898
-0.513958
-0.230316
0.464301
0.0722217
0.170093
0
0
0.588099
-0.469078
0.203506
0.434735
-0.0225384
0.0976223
-0.0522124
0.0216732
0.12007
0.170127
0.193753
0.0571159
-0.521901
-0.599215
0.0572535
0.00165461
-0.0989329
0
0
0
0
0.147189
-0.401728
-0.351554
0.0052424
0.177848
-0.0386442
0.0500149
0.119556
0.201629
0.291458
-0.244694
0.202941
0.258139
0.514682
0.322414
-0.358526
-0.133694
-0.12232
-0.0377655
-0.162571
0.303532
0.61459
-0.177476
0.0211242
0.162617
-0.0437114
0.215723
-0.144825
0.789018
0.217164
-0.31955
-0.379443
-0.0314397
0.005649
0.190635
0.101852
0.194048
-0.393118
0.425916
0.697832
-0.386992
0.121539
0.191853
0.119648
-0.874806
-0.103945
-0.0622595
0.215418
-0.0337466
0.204803
0.0795889
0.0611857
-0.282596
-0.30475
0.162236
0.180116
0.483322
0.0679671
-0.296834
-0.0963329
-0.316004
0.280688
0.350445
0.088565
-0.269348
-0.467515
0.174601
0.0162433
0.324986
0.236151
-0.0620517
-0.255691
0.00934173
-0.436359
-0.513205
0.026688
0.634165
0.613811
0.292237
-0.0842372
0.225246
0.380433
-0.141585
-0.131978
-0.00439437
-0.156905
0.0148662
0.13476
-0.0642826
0.106769
0.00800821
0.225828
-0.251385
-0.22014
-0.157036
0.101198
0.39995
0.313215
0.49061
0.0964208
0.0533008
0.137883
0.0842269
-0.256764
0.25488
0.384207
-0.0908338
-0.318983
0.246555
0.382021
-0.125285
-0.475903
-0.022334
-0.00769419
0.0246616
0.169849
-0.0106241
0.0433235
0.0703483
0.435477
-0.342928
-0.0121548
0.274927
-0.197207
0.443983
-0.400007
0.325223
-0.363928
-0.566431
-0.727198
-0.0317247
0.351214
-0.545575
-0.204412
0.0824334
-0.0480609
0.155685
-0.152905
-0.418208
-0.242514
-0.0208169
-0.359853
-0.0321988
0.325807
0.458199
-0.105686
0.0838273
-0.381709
0.153246
0.548353
0.0723424
-0.252114
0.250732
0.0140299
0.556547
0.619465
0.0745814
-0.678239
-0.0421259
-0.509542
-0.387557
-0.0344365
-0.204581
0.271122
0.125658
-0.0687481
-0.260519
0.248467
0.256583
-0.107601
-0.282024
0.0497932
0.201148
0
0
0
-0.0874964
-0.0465231
-0.108062
0.20828
0.148721
-0.207089
-0.298051
-0.20549
-0.0785185
0.0853856
-0.23781
