0.020335
0.00825145
0.109059
-0.219081
0.104109
0.0693573
0.372897
0.13971
-0.0246585
-0.142185
0.108577
-0.0574
-0.422689
0.319129
0.183046
0.289258
-0.0884578
-0.129539
0.0374539
-0.181431
-0.305333
-0.0452849
-0.0613956
-0.18183
0.0175703
0.00511592
0.183013
0.0919187
-0.26977
-0.050602
-0.0903549
0.0864965
0.258765
0.194752
-0.272191
-0.222466
-0.0673256
-0.175595
-0.0524806
0.000579495
0.040327
0.022361
0.0908255
0.13175
-0.0105667
0.289531
0.512636
0.210561
-0.133544
-0.337273
-0.451484
-0.0638565
-0.223332
0.427013
0.351542
0.000416973
-0.217848
-0.262255
0.0705372
-0.0628558
0.225225
0.248269
-0.0486529
-0.110082
0.26132
0.35313
0.269346
-0.0757332
-0.183157
0.15541
0.19293
-0.274163
0.244079
0.0898195
-0.341444
-0.0975477
0.145611
-0.26788
0.108778
0.00778778
0.127206
-0.0201135
-0.472781
-0.270718
-0.10729
0.0577139
0.243298
0.147601
-0.386301
-0.302916
0.19423
-0.296533
-0.0273487
-0.0721715
-0.149585
0.323187
0.186879
-0.154486
0.328033
0.226603
-0.106858
0.149614
-0.00667945
0.0286707
0.358462
-0.121663
0.420485
-0.391245
-0.553268
-0.0501152
0.538117
-0.0742419
-0.173665
0.162141
0.36612
0.17559
0.000930497
0.0928408
-0.302528
-0.0859431
0.0964419
0.035162
-0.0417959
0.144432
-0.168103
-0.108265
0.164724
-0.17111
0.140999
-0.299487
-0.271822
0.147586
-0.14338
0.125806
0.0679709
0.33381
-0.031707
0.0111871
-0.136409
0.254601
-0.189297
-0.0134372
0.17764
0.255507
-0.510879
-0.160044
0.250528
0.282903
-0.0638942
-0.536645
0.074593
0.152549
-0.207503
0.0224669
-0.154225
-0.0680867
-0.111666
0.14954
-0.311992
-0.356664
0.218935
0.336365
-0.191424
0.157323
0.10355
-0.157296
-0.0735345
0.23878
0.261557
-0.113453
0.163242
0.161543
-0.118388
-0.197659
-0.15037
0.244127
-0.0980348
0.000541673
-0.0673497
0.0434289
0.104974
0.206223
0.00780074
0.00528857
-0.0773942
-0.10168
-0.0358289
-0.076653
-0.310655
-0.0801922
0.057744
0.309647
0.227752
0.14334
-0.175885
0.0848217
-0.178737
-0.0283315
0.199071
0.181757
0.0185559
0.125177
0.0155608
-0.118295
-0.2713
0.147463
0.19841
-0.201047
-0.340903
0.354338
0.0758145
0.0869781
-0.0121819
-0.232423
0.0335675
-0.0553385
0.225231
-0.0111906
0.629626
0.235054
0.199307
-0.108124
0.0998252
0.156525
0.293027
-0.0385775
-0.142331
-0.101543
-0.198612
0.0717105
-0.038283
-0.0924351
0.0020488
0.262584
0.401005
0.282791
-0.262606
-0.0450367
0.120954
0.181679
0.372684
-0.0630119
0.124061
-0.0661734
0.171694
0.0522733
-0.0359736
-0.350298
-0.454342
-0.0745923
0.311919
-0.122242
-0.0419292
0.0667526
-0.063691
0.276941
0.349137
0.104729
0.18151
0.0499133
0.226764
0.165821
-0.11876
-0.216528
0.126162
0.111124
0.180876
-0.617503
-0.197563
-0.205353
-0.129281
0.0752806
0.29739
0.210423
-0.349014
0.0672331
0.221186
0.137241
-0.173634
-0.356199
-0.246502
0.230712
0.0384463
-0.050799
0.0948034
0.237236
0.163289
-0.0289839
-0.0566149
-0.05171
0.469292
0.0462253
0.128129
0.277449
0.195313
0.454112
0.0525398
0.0368712
-0.143812
0.0428558
-0.247474
-0.0768752
-0.134334
0.0587501
-0.0195216
0.0644845
0.0833531
-0.339415
-0.407446
0.0730215
0.211984
-0.252552
0.256241
-0.256731
-0.256581
0.158204
-0.296879
0.0830472
-0.103997
0.13636
0.0512923
-0.10977
-0.0422293
-0.106601
0.101679
-0.0171959
0.166283
0.0943767
0.224747
-0.0720261
-0.139171
-0.0596047
0.29714
-0.0012225
-0.0502471
-0.110976
0.487649
0.315786
0.169879
-0.0729166
0.242889
0.279827
0.0875995
0.00176248
0.0617994
0.0398568
-0.0504907
-0.0506348
0.0210063
-0.0636877
0.150026
0.0675324
-0.045326
-0.189962
-0.203107
-0.212259
0.00570182
-0.158666
-0.00723154
0.201362
0.00128951
0.207614
-0.0490716
0.175625
-0.152064
0.212843
0.168818
-0.388404
-0.0455848
-0.248189
-0.178424
0.105484
-0.0647029
0.140782
0.352502
-0.109066
0.475143
-0.535245
-0.422377
-0.00463742
0.0546613
0.50879
0.118505
-0.15805
0.108618
0.387732
0.26869
-0.032674
-0.0220858
0.413894
-0.0318435
-0.249668
-0.269942
-0.217043
-0.155575
-0.229478
-0.198635
0.252889
0.14552
-0.0396736
0.146697
0.423719
-0.0539715
0.175896
0.0474855
-0.291367
-0.187663
-0.035934
0.146418
0.146971
-0.0119516
-0.308892
-0.340913
-0.199594
-0.0225815
0.291766
0.232402
-0.128077
-0.371665
-0.288465
-0.117811
0.0916563
-0.133123
-0.398576
-0.0721852
0.0175282
-0.208065
-0.104664
0.397436
0.0453209
0.103035
0.0971672
0.140696
0.531792
0.263882
0.0857684
-0.0551515
0.0503063
-0.220622
-0.156296
0.533631
-0.241973
-0.284612
-0.00133333
0.327654
-0.121425
-0.128397
0.320569
0.283354
0.0498321
-0.0120086
0.101448
0.524399
0.327933
0.11757
0.0213807
-0.0888912
-0.182902
-0.273977
-0.154313
-0.0269324
0.16886
-0.125104
0.0258049
0.140816
-0.150201
-0.1053
-0.107722
0.0274334
-0.397983
-0.362427
0.339121
-0.242997
-0.169651
0.0638108
-0.0541284
-0.0697165
0.364969
-0.522731
0.0320332
0.265479
0.107303
-0.297389
-0.334087
-0.119876
0.0467419
0.0786836
0.386283
0.473929
0.1241
0.353979
-0.252596
-0.0607779
0.466837
0.013187
-0.109814
0.0987968
0.196835
-0.0594105
-0.0351982
-0.339534
-0.294036
0.158723
-0.25761
-0.329784
0.132639
-0.0341567
0.381997
-0.0513789
0.220873
0.295983
-0.22249
0.199259
0.176664
-0.222508
-0.232774
0.094986
-0.0848837
-0.0787757
0.0775174
0.257335
0.0905976
0.146859
0.181695
0.133668
0.481492
0.092306
-0.0163359
-0.23947
-0.130708
0.269684
-0.183042
-0.290984
0.188865
0.0492392
0.106417
-0.0106556
0.30629
0.296341
0.130202
-0.0169759
-0.00316291
-0.12597
-0.0217971
-0.108446
0.233782
0.262178
-0.0614536
-0.236956
0.389323
0.00882573
0.190503
-0.0790271
0.12577
0.070281
0.0599988
-0.00956808
0.000892058
0.104818
0.0734916
0.395217
0.258816
-0.0202055
0.238721
0.17585
-0.159358
0.0637469
-0.365824
-0.166965
-0.0591444
-0.28657
0.00605946
-0.282147
-0.0824369
-0.0044645
0.0247916
0.0970005
0.566032
0.000169734
-0.0650147
0.341168
0.028662
-0.352861
-0.153545
-0.468677
0.129008
0.222304
-0.0563608
0.259302
0.0194611
-0.362725
0.0427911
-0.102601
0.0735293
