-0.0610052
-0.324387
-0.348416
0.454363
0.416044
0.253625
-0.169594
-0.0389714
0.51813
0.329681
-0.0279235
0.173752
0.0505912
-0.458823
-0.0978604
0.391689
0.236955
-0.162288
-0.22649
0.192024
0.283138
0.176417
-0.0840591
0.0119466
0.00867057
0.118628
0.349282
-0.0306789
-0.321513
-0.0544582
0.319855
0.243787
0.057498
-0.312583
0.282501
-0.325381
-0.490737
-0.169673
-0.0682216
-0.0934601
0.0784013
-0.215317
-0.54656
-0.345561
0.0835113
0.378286
0.166606
0.245148
0.175856
0.270496
0.232662
0.561486
-0.141176
-0.403447
-0.14576
0.397264
0.273678
0.0208858
-0.313122
-0.0687068
-0.0508158
-0.311738
0.109446
0.35827
0.160093
0.16008
-0.230318
-0.426908
0.138229
-0.185903
-0.591854
0.0281726
-0.109481
0.0111132
-0.0546212
-0.0372428
0.185998
-0.262854
0.111903
0.0116669
0.00923025
0.450054
0.291377
-0.06903
-0.200623
0.215559
0.0546016
-0.551288
0.172729
-0.187235
-0.173067
0.118901
0.0765977
0.0238258
0.312849
-0.0448014
-0.312453
-0.0916502
0.145044
0.098232
0.113557
-0.148421
-0.0499762
-0.168969
-0.15675
-0.035754
0.135415
-0.122244
-0.194878
0.190672
-0.0996533
-0.202599
0.117529
0.0703043
0.435982
-0.116953
-0.453727
-0.417291
-0.106016
-0.506472
-0.407588
0.0759684
-0.186509
-0.182773
0.29248
-0.108065
-0.256194
-0.231101
0.154056
0.349191
-0.16711
0.0734001
0.274359
-0.0396986
0.267094
0.194677
-0.392111
-0.189025
-0.293104
-0.0454016
0.14429
0.070257
0.0526184
-0.0121146
-0.113359
0.435755
0.288469
0.685644
-0.0391243
0.0475951
0.197806
-0.167671
-0.0360998
-0.0100464
-0.220466
-0.294081
-0.184483
-0.146897
-0.00651258
-0.50122
0.0782336
-0.0424821
-0.189912
-0.0512081
-0.217663
-0.146707
0
0
0.372312
-0.339103
-0.113946
0.184099
-0.618481
-0.542994
0.0112605
-0.147722
-0.41334
0.162857
0.499443
0.359636
-0.123786
0.0908043
0.523413
0.0385614
0.220152
0.415435
-0.140602
-0.303946
-0.42543
0.182031
0.305551
-0.202455
0.258733
0.112177
0.351062
-0.0161763
0.200495
0.467578
-0.0383394
-0.312367
-0.230836
0.0956449
-0.294377
-0.337779
-0.175405
0.190649
0.231387
0.0788603
-0.033729
0.0838045
-0.0201707
0.201371
-0.0618317
-0.0265039
-0.124585
-0.0411233
0.227185
-0.0116533
-0.101489
0.357486
-0.0451167
0.117912
0.275214
0.155022
-0.0840853
-0.523448
0.0178198
0.458942
0.0907334
-0.546812
-0.311392
-0.227073
0.141588
0.53796
0.648889
0.0429275
-0.0939781
-0.471154
-0.282082
-0.115213
-0.297433
-0.245665
0.371844
0.524567
0.00535332
-0.0753946
0.32096
0.411175
-0.000786702
-0.0961899
0.0966387
0.0733191
-0.0900955
0.237663
0.173895
0.0940673
0.303624
0.0684016
-0.0207803
0.587836
0.536351
0.263667
-0.296886
-0.150357
-0.286462
-0.151717
0.103253
-0.136101
0.227276
-0.112465
0.116648
0.050494
0.262537
0.291565
-0.231746
-0.317467
0.118428
0.279933
-0.0960008
-0.270852
0.109764
0.265235
0.112342
0.00497054
0.0109646
0.299314
-0.206674
0.0474144
0.221258
-0.000212458
-0.098759
0.161225
0.142384
-0.253353
0.0705767
0.164956
-0.0380071
-0.0302593
-0.329372
-0.268538
0.147841
0.168976
-0.356484
0.261477
0.0573493
-0.0180667
-0.313022
-0.038828
0.426886
0.457485
-0.0968717
-0.178527
0.0103212
-0.117843
0.13796
-0.010145
-0.35972
0.0316916
0.213424
-0.191955
-0.184949
0.0903521
0.13437
0.219339
-0.0261434
0.00319853
-0.0536449
-0.139293
0.24339
0.121827
0.153889
0.0763507
0.0441259
-0.1429
-0.158111
-0.371705
0.504276
0.168516
-0.209706
0.0375603
0.144108
-0.138663
0.10963
-0.0518007
-0.31235
0.0929066
0.0611724
0.207224
-0.26576
-0.241971
0.0752914
-0.21346
-0.796332
-0.118097
0.124889
0.110672
0.232641
0.166955
-0.227106
-1.121
-0.285832
0.241073
0.496097
0.569589
0.0959877
-0.0883673
-0.446888
-0.539543
-0.169605
0.115862
-0.0228048
0.139993
-0.133964
0.323934
0.228831
-0.256622
0.15192
-0.33244
-0.130403
-0.265144
-0.279818
-0.00884843
0.141316
-0.157454
0.125915
0.552974
0.230238
-0.413534
0.0320701
-0.104527
-0.569361
0.075106
0.130966
0.297732
0.0288758
-0.172184
-0.104176
0.06295
0.13084
0.0364864
0.267853
0.0222891
-0.277315
-0.071246
-0.344271
0.0726664
0.757853
-0.14724
-0.000707104
-0.0774227
0.0451087
0.0442777
-0.0273945
0.224262
0.193871
-0.363783
0.0438594
0.404005
-0.12643
-0.0884065
-0.0327333
-0.0920344
0.0437883
0
0
0.545437
-0.318278
-0.385897
-0.193523
0.357751
0.169003
-0.0555998
0.108708
0.0787669
-0.517711
-0.00447638
-0.0636418
0.144941
0.0790648
0.0760505
0.245974
-0.013388
-0.0786633
-0.0428797
-0.20684
0.0823023
0.146341
0.264819
-0.303377
0.267887
0.171892
-0.207564
-0.110026
0.183251
-0.0198206
-0.347843
0.134855
0.313634
-0.156287
-0.0610798
0.236639
0.0104652
0.304332
-0.353751
-0.277583
0.107005
-0.0582152
-0.162407
-0.483049
0.0167185
-0.0453202
-0.0909241
-0.0711872
-0.248949
-0.35772
0.121902
-0.0157589
-0.112463
-0.474538
-0.269178
-0.17986
-0.186901
0.15293
-0.102261
0.117487
0.127252
0.338904
0.287565
0.581929
0.153869
0.0647967
-0.0410305
-0.206923
-0.102574
-0.0885816
-0.266033
-0.0472716
0.0201244
0.0856913
0.207983
-0.0435914
-0.0743728
0.233071
0.521298
-0.251015
0.225256
0.0871523
-0.351242
0.434898
0.0201223
-0.12692
-0.383352
0.162928
-0.233583
-0.191057
-0.112529
-0.0426674
0.170917
-0.0555408
-0.136507
-0.103186
0.208066
0.169103
-0.210849
-0.16998
-0.280645
-0.320238
-0.139312
-0.303091
-0.069141
-0.290691
-0.0424803
0.712894
-0.0391845
0.0760753
0.0519939
-0.223137
-0.366936
0.299744
-0.132934
-0.504107
-0.166907
0.338462
0.235776
0.191047
0.176509
0.13816
-0.065989
-0.0967162
0.250314
0.191321
-0.209993
-0.215839
0.268641
0.143403
-0.208206
-0.00106904
0.165457
-0.021875
0.175397
0.210851
0.487786
0.0447936
-0.18176
0.107461
-0.518097
-0.295459
0.153575
-0.103545
-0.325335
-0.135815
0.15603
0.0952643
0.106183
0.182463
-0.138652
0.00832422
0.196466
0.174476
0.206131
0.328565
0.256892
0.139386
-0.191579
-0.068112
-0.170116
-0.0910977
0.0199474
-0.297256
-0.328332
-0.168111
0.620301
0.440234
-0.134082
