-0.0692548
0.053362
-0.113741
-0.127014
-0.413572
-0.651803
-0.422611
0.731072
-0.215211
0.0245252
0.413213
0.263405
-0.0125778
0.42205
0.530647
0.0494574
-0.141026
0.285553
-0.00160167
-0.409383
-0.140334
-0.208153
0.392007
0.211517
-0.128263
0.131907
-0.371672
0.539018
0.275439
-0.11898
0.172251
0.0126478
-0.0845911
-0.118985
0.178923
-0.255584
-0.0411787
-0.108416
-0.189089
-0.00821819
-0.0182833
0.102116
-0.273172
-0.260151
-0.00788414
0.0744173
-0.368054
0.0852447
0.29038
0.0348185
0.0272442
0.165315
-0.136249
-0.386361
-0.316203
-0.0847012
0.169975
-0.0887378
-0.091719
-0.0197213
0.504039
0.0842384
0.390051
0.165974
0.224424
0.475852
-0.0521343
0.156131
0.277915
-0.593661
-0.244898
-0.234513
-0.0241755
0.267407
0.456677
0.234809
-0.334824
0.167987
0.0429169
0.836247
0.163463
-0.257937
-0.440397
-0.238888
-0.0703112
-0.141239
-0.455584
0.349943
0.117649
-0.385001
0.432063
0.0650127
-0.256105
0.0397959
-0.330381
-0.395625
0.0902099
0.111568
0.169009
0
0
-0.22831
-0.330994
-0.0961684
-0.0145625
0.0211638
-0.0252057
0.284534
0.328536
0.322308
0.479123
0.279545
0.18355
0.162794
0.280261
-0.0070054
-0.120254
0.00148869
0.121026
0.0550225
0.0250416
0.0423472
-0.15945
-0.301815
-0.201276
0.343908
0.096338
0.646056
-0.0878465
-0.423678
0.0209378
-0.219481
0.106251
0.0898754
0.354296
-0.00655453
-0.252142
-0.288738
0.162608
0.476302
0.275795
-0.451867
-0.459398
0.413318
0.196806
-0.0252068
0.278805
0.300698
-0.00947054
-0.588885
-0.417026
-0.276216
-0.420733
0.0818952
0.00491127
-0.222799
0.0285008
0.297028
0.183003
-0.150231
0.267525
0.089677
0.0655988
-0.0546375
0.303915
0.19124
0.369646
-0.318382
-0.0728851
-0.134912
0.0518511
-0.208171
-0.0606198
-0.261539
0.0824826
-0.0769849
-0.0727956
-0.288025
-0.117821
0.420526
0.0649667
0.388111
0.290778
-0.0429677
0.0458288
-0.209955
0.0513676
0.266255
-0.121169
0.4149
0.260586
0.152946
-0.263857
-0.180432
0.473101
0.312481
0.254405
0.19702
0.110487
-0.0222873
-0.0758091
-0.116402
-0.196933
-0.368004
-0.72757
0.0858087
0.542714
0.0360084
0.0296214
0.212536
-0.0530239
0.10472
0.243128
0.398345
-0.147554
-0.296308
0.10198
0.295469
0.455654
-0.0386231
0.0999093
-0.317743
0.0990629
-0.291039
-0.129636
0.637491
0.239274
-0.135026
0.243463
0.18527
-0.0584044
0.000589544
0.0586674
-0.18181
-0.033952
0.19788
-0.390026
-0.444594
-0.0408988
-0.0852825
0.0609332
-0.016969
0.1822
-0.0870152
-0.0594259
0.0323626
0.0737885
-0.160894
-0.314361
-0.431157
0.0392937
-0.0649724
0.0864297
-0.29457
-0.596151
0.0380395
-0.270542
-0.047851
0.284552
0.347227
0.224617
0.114717
-0.151382
0.025321
0.0772914
0.0502345
-0.0812855
-0.0324839
-0.072748
0.257596
0.319979
-0.116439
-0.288972
0.253518
0.322137
-0.0766821
-0.285927
-0.159034
-0.0629018
-0.0127349
0.0938075
-0.133856
0.247079
0.563586
0.211182
-0.0224268
0.180112
-0.297862
0.11197
-0.0656119
0.363899
-0.331659
-0.34064
-0.171194
0.192168
-0.11371
0.0975198
-0.314828
-0.413239
-0.147131
-0.258446
-0.334333
0.222554
0.577065
0.084816
-0.0320303
-0.0133762
0.353031
0.39727
0.44497
-0.0412441
0.452882
-0.00619337
0.0338279
-0.0662835
-0.29321
-0.13329
0.219336
-0.023502
-0.255237
-0.219913
-0.297882
-0.449539
-0.154007
-0.245959
-0.0804393
0.505376
0.0348891
-0.189156
-0.228162
-0.212894
0.196187
0.480703
0.565917
0.177968
0.57498
0.159275
0.0270657
-0.313079
-0.304033
0.0814089
-0.604845
-0.105879
0.0168067
-0.399831
-0.182142
0.294953
0.637678
0.194725
-0.308974
-0.502728
-0.2858
-0.0741749
-0.016458
0.13315
0.369571
0.0236669
0.426856
0.183258
0.110186
0.442728
-0.410274
-0.0897815
-0.240748
-0.428823
-0.289362
-0.171778
-0.334159
-0.581262
0.113601
0.0158793
0.327851
0.389699
0.506591
0.14841
-0.161127
-0.151565
0.445412
0.102424
-0.0667601
-0.398417
-0.203539
-0.0316681
0
0
0.20833
0.177712
-0.178869
0.157861
-0.163819
-0.391458
-0.238833
0.118179
-0.266851
0.0452497
0.398686
0.0296335
0.031695
-0.0810483
-0.34123
0.114909
0.2849
-0.0169208
-0.397558
-0.0228446
0.0810764
0.0531423
0.258524
-0.975901
-0.124316
-0.248905
-0.465595
0.507088
-0.0855805
0.485036
-0.30208
-0.0749135
0.207227
0.204277
0.302428
0.246027
0.00861721
0.168626
0.315377
-0.206501
-0.0801839
0.00678927
-0.304918
-0.281756
0.461114
-0.177886
-0.132113
0.101612
0.0759255
-0.0863994
0.360365
-0.401008
-0.0797164
-0.540855
0.211443
-0.0524613
-0.0194939
0.0789123
0.00251428
0.0954356
-0.0929565
-0.12383
0.516104
0.0162296
-0.321745
-0.259135
-0.0525692
-0.170066
-0.365906
-0.00509116
0.127212
-0.167544
0.0753341
0.13257
0.129101
0.178219
0.0636093
-0.13851
-0.0427492
0.124675
0.44354
0.131957
-0.270701
0.0949465
-0.13276
0.0217585
0.0835677
0.118411
0.253991
-0.229287
-0.872019
-0.343591
-0.650789
0.50295
0.339926
0.358958
0.218981
-0.069861
0.261414
0.147869
0.196021
0.311033
0.137917
-0.154576
-0.0384249
-0.259872
-0.119319
0.215003
0.378416
0.344347
0.185572
-0.0217994
-0.0362012
0.192396
0.510896
0.207097
-0.330527
-0.265078
0.0778913
-0.178756
-0.0178882
0.107186
0.0879872
0.0381171
-0.0733011
-0.370559
-0.107075
0.115382
0.147193
-0.116095
0.013975
-0.00308633
-0.313279
-0.298005
-0.0105063
-0.305324
-0.446076
0.389884
0.206418
-0.173373
-0.117256
0.376164
-0.0207274
0.0251331
0.286009
0.196364
-0.0402783
0.152704
0.443798
0.0150584
0.254204
-0.180044
-0.318577
-0.399597
-0.492538
-0.658201
0.0569529
0.390696
0.31496
-0.24208
-0.322198
-0.564761
0.107687
0.254602
-0.181898
-0.198527
0.0635782
0.363335
0.122677
0.134951
-0.173167
0.175671
-0.166493
-0.0557182
0.107883
0.035787
-0.0265653
-0.132225
0.28011
0.213817
0.0762353
0.21269
0.246423
-0.301686
-0.276344
-0.0791986
0.420725
0.643326
-0.241421
-0.153041
-0.0413799
-0.512458
-0.339951
0.189646
0.229916
0
0
0.0320784
-0.393287
-0.477511
0.113616
0.142623
-0.245551
-0.0922145
0.640288
0.0763633
0.235347
0.22238
0.296752
