0.0682025
-0.0743686
-0.325637
-0.0895797
0.178119
0.663253
0.368555
-0.0574953
-0.192468
-0.383203
-0.0571029
0.291372
0.332383
0.415694
0.378916
0.284757
-0.194874
-0.519926
0.139201
-0.774354
-0.35636
-0.142278
0.352745
-0.243537
-0.33103
0.190402
-0.18385
0.043842
-0.82467
-0.192648
0.145619
0.0999431
0.139343
0.129645
0.161416
-0.247551
-0.224745
-0.389624
-0.0582869
0.264431
-0.235159
0.146396
-0.177903
-0.161454
0.168859
0.533518
0.257863
-0.246885
-0.432441
0.173386
0.0296105
0.0817544
-0.579741
-1.05955
-0.684913
0.124668
0.0517222
-0.00986806
-0.103701
-0.164203
-0.0133396
-0.297621
0.00246897
-0.164377
-0.0251425
-0.483416
-0.823352
0.0780267
-0.436217
-0.876355
-0.217086
-0.120466
0.0815001
0.527311
0.10854
-0.231782
-0.0668415
-0.404222
0.210931
-0.475034
0.0471684
0.00549059
0.068166
1.00208
0.087059
-0.0898009
0.18919
0.152202
0.328456
-0.0286714
0.0906804
-0.390947
-0.561381
-0.513109
0.0117761
0.398198
0.383828
0.293044
0.0636658
-0.346257
-0.649927
0.209306
0.136221
0.151133
-0.269486
-0.614866
-0.301151
0.654127
-0.223574
-0.259813
0.140387
-0.227155
-0.678646
-0.17403
0.0662206
-0.348269
0.221696
-0.100643
-0.0247374
0.111047
-0.338779
-0.283082
-0.577029
-0.107393
0.714075
-0.174553
0.394115
0.206188
0
0
-0.600851
-0.376715
0.356666
0.225521
-0.287369
0.0217946
0.181083
0.715882
0.657693
-0.204942
-0.124312
-0.111774
0.722665
0.00130365
-0.365003
-0.263209
-0.0693938
-0.165274
-0.196466
-0.457771
-0.3155
0.265194
0.315559
0.219678
0.292771
0.165488
0
0
-0.610686
0.635585
0.329993
-0.0484036
-0.342932
-0.0232057
0.507781
-0.0249235
-0.0108938
-0.0534521
-0.217898
0.157451
-0.367432
-0.374432
0.401647
-0.0915144
-0.453988
0.5424
-0.192716
-0.0638765
-0.602041
-0.495953
0.172483
-0.398251
0.0757335
0.456878
0.557537
0.239039
-0.639882
0.631359
0.122421
-0.313815
-0.443771
-0.0891389
-0.221817
0.0425672
0.221005
-0.460917
-0.223044
0.107515
-0.0548838
-0.154742
-0.00322157
-0.00358918
0.103741
-0.048036
-0.128244
0.00760092
-0.118857
0.265192
-0.137297
-0.18569
0.140485
0.594588
0.145094
0.315527
0.614814
-0.154875
0.0549635
-0.114342
0.377846
-0.187469
0.0640037
-0.602368
-0.0232556
0.0378106
-0.340317
-0.120365
0.151107
-0.246448
0.500075
0.453053
-0.136809
0.0718157
0.0927707
0.0935475
0.465115
-0.000858332
-0.345245
0.792588
0.494617
-0.540669
-0.493821
-0.0400418
0.363902
-0.932228
0.120441
0.334485
0.136199
0.109781
0.401981
-0.295525
0.494486
0.405531
-0.19572
0.120702
0.00502123
0.227214
0.118269
-0.186913
-0.116332
0.353172
0.34727
0.422936
-0.114664
0.13339
0.050013
0.513071
0.128151
0.124403
0.269733
0.295294
-0.0238788
-0.0342789
-0.18313
0.107732
-0.404931
-0.24715
0.214826
-0.128452
0.0642057
-0.120591
-0.0196744
-0.127469
0.040436
0
0
-0.16716
-0.269632
-0.342134
-0.289121
-0.399095
0.517372
0.50388
-0.426211
-0.514838
0.197791
-0.255669
-0.0186678
-0.0867988
-0.060183
0.752287
-0.359379
0.385924
0.369939
0.0113741
0.30268
-0.343607
-1.06165
-0.343049
0.329684
0.209898
0.230222
-0.137344
0.37368
0.137468
-0.0853063
-0.343907
0.225998
-0.118219
-0.191933
0.317602
0.322586
-0.411938
-0.890845
0.580716
0.247436
-0.536511
0.22955
0.47797
-0.624934
0.304514
-0.106435
-0.292734
-0.607326
0.235172
-0.00723142
-0.832019
-0.741553
0.173201
-0.118679
0.0836954
0.250451
-0.0606984
0.166552
0.0768652
0.221323
0.552973
-0.512031
-0.827585
0.267106
0.0469095
-0.303733
-0.181714
-0.328675
-0.140008
-0.0455016
-0.53314
-0.442358
-0.493686
-0.208983
0.303346
0.0440701
0.458702
0.623749
0.158098
0.223007
0.0634042
0.118003
-0.415874
-0.00334915
-0.0143303
-0.349539
0.154941
0.0649444
-0.256111
0.296454
-0.160236
-0.44828
-0.767119
-0.0867487
0.0610333
0.204355
0.0875912
0.273466
0.0446392
0.222156
0.220506
0.109407
0.138719
-0.223601
0.263552
-0.147179
0.119976
0.149286
0.310473
0.382005
-0.397588
-0.0961729
-0.262755
0.11805
-0.098813
0.0795851
0.0146526
0.0575935
0.574646
-0.00203071
-0.384547
0.278991
-0.530493
0.028449
-0.0474929
0.0293071
-0.266327
-0.144815
0.766232
0.0597284
0.0110632
0.269013
0.408467
-0.425761
-0.152898
-0.232405
0.0910562
-0.0906318
0.245933
0.165234
-0.0120323
-0.299729
0.0258058
0.0382742
-0.50688
0.402605
-0.540495
0.239676
0.468441
-0.190587
0.0258495
0.0605618
-0.388283
-0.098267
0.293329
0.0229515
0.167126
0.271968
-0.215464
-0.280336
-0.250697
-0.196624
-0.147757
0.0516437
-0.121999
-0.418037
0.0805392
-0.0535739
0.379887
0.348138
0.535
-0.0258248
0.431187
0.507204
-0.879513
-0.585666
0.417386
-0.0401172
-0.264215
0.0748331
0.121342
0.175074
-0.0765923
0.457339
0.59748
-0.016763
-0.13644
0.277385
-0.28812
0.359102
0.246326
0.281178
0.126296
-0.53466
-0.208609
-0.175225
0.11798
-0.199345
0.0626103
0.259721
-0.0424174
0.0772184
-0.352777
0.265444
-0.407545
-0.479287
-0.00255284
-0.146006
-0.0956351
-0.184568
0.289909
0.152301
-0.142011
-0.0659941
0.192165
-0.371629
0.239463
0.204617
0.00828006
0.541016
0.0420388
-0.0257991
0.133318
0.328067
-0.0991045
-0.4679
-0.4015
0.158112
-0.500908
0.0515135
0.0493077
0.492533
-0.03207
0.0747235
-0.290582
-0.22903
-0.17315
0.0469186
0.325841
0.254405
-0.450382
0.135415
0.168054
-0.509843
-0.187085
0.541047
0.107715
-0.30469
0.0511261
0.369156
0.543136
-0.0995526
0.171317
0.153254
-0.506983
-0.440137
-0.00106835
0.436729
-0.283647
-0.395254
-0.130022
-0.0701206
0.504489
0.347185
0.0314942
-0.0390725
0.0957561
-0.0894513
-0.427182
-0.736667
0.0924759
0.633562
0.290828
0.471765
-0.0350943
-0.29612
-0.628205
0.0938474
0.544518
-0.200885
-0.402822
0.0828702
-0.15962
0.0489886
0.438359
-0.234873
0.381889
0.300699
0.214634
0.0708023
0.148009
0.0860346
-0.434416
-0.112411
-0.218432
-0.416499
0.2898
-0.0916728
-0.153294
-1.21231
-0.806353
-0.348338
-0.217553
-0.393687
-0.134283
-0.0433538
0.20459
-0.693264
0.0954462
