0.15136
-0.502186
-0.132584
0.419716
0.593844
0.295811
-0.153894
0.170097
0.335105
-0.196336
-0.0619264
-0.135479
0.0988862
0.0174361
-0.123012
-0.195862
-0.280232
-0.112633
0.240633
0.211769
0
0
0
-0.218477
-0.282748
0.233497
0.132083
-0.327154
-0.177795
-0.0250283
0.15988
0.463974
0.320921
0.189804
-0.154348
0.107514
0.11346
-0.0378933
0.0356667
-0.0861801
0
0
0
0
0
0
0
0
0
-0.0395073
-0.0553469
-0.172224
-0.0421188
-0.0266105
0.162143
0.0887264
-0.238888
-0.119506
-0.372352
0.0170657
0.0199305
0.0716002
-0.225396
-0.236789
0.0301893
0.101822
0.407632
0.209067
-0.221742
0.2349
0.05621
0.0382995
-0.435924
-0.328918
-0.210409
-0.573809
0.0730919
0.212933
0.331158
0.206983
-0.0635267
0.0282504
-0.149017
-0.0628655
-0.0366932
-0.106932
0.123724
0.126759
-0.0761719
-0.0932801
0.235966
0.395786
-0.113721
-0.328617
-0.104303
0.101536
0.133736
-0.0797514
0.0476161
0.0213006
0.209686
-0.168376
-0.0089853
-0.0382608
0.106064
0.125787
0.0169858
0.106294
0.121869
0.398413
0.355365
0.134221
0.338748
0.224467
0.0453339
0.247364
0.0434112
0.127006
0.222475
0.213391
0.0468926
-0.139206
0.00581141
-0.116646
-0.0380585
-0.0732901
0.16967
0.111117
0.042879
-0.369606
-0.200774
-0.132679
-0.0983224
0.188398
0.0919115
-0.0421889
-0.279499
-0.0287909
0.191099
0.210258
0.70266
0.100284
-0.501131
-0.0420018
0.551396
0.145634
-0.148869
0.0823857
-0.228497
-0.120866
0.265184
0.0914809
-0.192302
-0.0130137
0.31468
0.269487
-0.153149
-0.0133944
0.079011
0.322502
0.407376
-0.110905
0
0
0.123892
-0.00313842
-0.143192
0.312502
0.122524
0.116954
-0.278893
0.0374211
0.0461663
-0.0268406
-0.277335
-0.119289
-0.313447
0.262438
0.405666
-0.300181
-0.125227
-0.152289
0.176039
0.0843733
0.318381
0.141402
0.102243
0.182827
-0.0932127
0.0755896
0.361334
-0.217209
-0.20589
0.198055
-0.25652
-0.0610733
-0.110565
-0.23641
-0.188749
-0.103036
-0.389848
-0.340548
-0.337804
-0.285957
-0.310586
-0.207072
0.0775852
-0.456711
0.056794
0.240832
0.317755
0.0297894
0.0844329
0.288373
-0.0842154
-0.16073
0.232183
0.287752
0.513263
0.0298201
0.356303
0.0149213
0.125269
-0.0658987
-0.335204
-0.126013
-0.144812
0.0201519
-0.0538973
-0.170913
-0.226302
0.00724255
-0.00706833
-0.240939
-0.484833
0.0679963
0.174099
-0.398607
-0.033265
0.00399024
-0.00945468
0.103283
0.162309
0.291999
-0.36497
-0.668274
-0.10985
0.126175
0.37671
-0.0971252
-0.311237
-0.0907815
-0.00488007
0.114831
0.0146382
0.373484
-0.0234022
0.137622
0.0728463
0.380879
0.00280083
0.0249051
0.0305902
0.0679598
0.272816
-0.213879
0.0492129
0.194505
-0.038915
-0.106102
-0.101159
0.0533424
0
0
0
0
-0.274668
-0.24034
-0.117147
0.156983
0.259462
-0.476134
-0.421777
-0.0353849
0.0557011
-0.0873987
0.251399
0.149502
0.19554
0.203592
0.199087
0.204717
0.273421
0.00144654
0.0499478
0.189198
0
-0.00343554
-0.201844
-0.344475
-0.450842
-0.00979618
-0.173329
-0.621951
-0.200397
0.0230648
-0.363773
-0.0912951
0.675939
0.10864
0.18304
0
-0.340089
0.361479
-0.162153
-0.485218
0.167153
0.0679432
-0.135262
0.0117496
0.489094
0.273241
-0.118846
0.0761867
-0.166238
-0.0940253
-0.111932
-0.245439
0.0978269
0.479718
0.147351
-0.227298
0.181598
0
0
0
0
0
0
0
0
0
0
0
0
0
0
0
-0.125002
-0.416105
-0.334318
-0.10679
0.099997
0.2659
0.299865
-0.258478
-0.0951475
0.212841
-0.0803042
0.194017
0.383866
-0.240262
-0.161385
0.0178805
-0.0894808
0.45304
-0.0291471
-0.0271471
-0.00402481
0.0485337
0.146406
0.313739
-0.0893767
0.0430399
0.197551
0.403335
0.295678
0.0309251
0.0351159
0.340375
-0.00264865
0.195668
0.0244362
-0.0294092
-0.269716
-0.20329
-0.194167
0.184877
0.106591
0.051558
-0.0944294
0.0950636
-0.310365
-0.163723
0.021801
0.226501
0.14937
-0.0943447
-0.518414
-0.13968
-0.0896592
0.00140549
-0.329812
-0.0249844
0.143059
-0.0991895
-0.115626
-0.211612
0.15813
-0.0614986
-0.291952
-0.522079
-0.472427
-0.0407985
-0.0353326
0.284668
0.29138
0.204061
-0.182078
-0.0458968
-0.18957
0.0345186
-0.408308
0.0814963
0.381203
0.367356
0.0897665
0.0573634
-0.0339955
0.199571
0.205044
-0.247599
-0.325935
-0.0449024
0.0553036
0.0148382
0.104452
0.466436
0.336648
-0.0954797
0.00844315
0
0
-0.173089
-0.071752
-0.212692
-0.0869528
0.114736
-0.0208144
-0.134576
0.142249
0.110726
-0.356811
-0.265635
-0.140668
-0.0658047
0.237288
0.280733
0.20673
0
-0.291474
-0.114056
-0.360908
0.042598
0.101198
-0.0759645
0.108255
-0.0730094
-0.0646774
0.275453
-0.127306
0
0
-0.0222149
-0.368907
0.0497379
0.109808
0.0113162
0.0117086
-0.171937
-0.161545
-0.0280047
0.173357
-0.0147488
-0.0800619
-0.185046
0.204807
0.0271763
0.0583141
-0.372193
-0.0175274
-0.07114
-0.181666
-0.236866
0.0745373
-0.262453
0.0166835
0
0
-0.0611494
-0.201494
0.189659
0.129524
0.232625
-0.0358128
-0.166263
-0.0267505
0.281048
-0.0839533
0.147671
-0.00361866
0.252103
-0.124532
-0.114784
0.131475
-0.167238
-0.176049
-0.181405
0.0824981
-0.109251
0.1697
-0.203436
-0.245933
0.208383
0.358568
0.256796
0.191935
-0.0898184
0.138599
-0.133075
-0.482678
0.0256823
0.149378
0.044021
0.0760507
0.234925
0.0396249
0.0478895
0.430985
-0.0170088
-0.118237
0.376336
0.206249
0.113476
-0.184432
0.0897149
-0.0703951
0.0895679
-0.0520474
0.408581
0.0278419
0.185325
-0.148294
-0.0751774
-0.0533154
-0.279731
0.00837265
-0.354072
0.172377
0.391304
-0.102363
-0.0661351
-0.00634468
0.206853
0.195807
-0.228487
-0.120867
-0.125138
0.0689332
0.0941207
0.00126187
0.302905
-0.103966
0.266854
-0.0594758
-0.112004
0.0632415
-0.0832695
-0.102511
0.0978893
-0.315544
-0.234604
0.0773966
0.136568
0.429355
0.357263
0.185973
0.364023
0.0315479
-0.299821
0.0978007
-0.129666
0.0183328
0.239431
