0.172389
0.365271
0.301864
-0.344385
-0.0617529
-0.229638
-0.0963507
0.120961
0.0977446
-0.168016
-0.0324492
0.0340895
0.151735
0.0218673
-0.0279581
-0.0698839
-0.0210951
0.230694
-0.225496
0.151037
0.0546146
0.329727
0.108675
-0.574418
0.354313
0.263746
0.0902336
-0.323537
-0.0339088
-0.0925367
0.351733
0.782786
0
0
0
0.096003
0.10523
0.155323
-0.294838
-0.238217
-0.409083
-0.482885
0.0780597
-0.118463
-0.0453788
-0.0317728
0.289324
0.425673
-0.0936239
-0.0264016
-0.232288
0.138857
0.0927212
0.0945093
0.208696
0.312097
0.130517
0.186469
-0.0255509
0.247698
0.328629
-0.0567025
-0.0820245
-0.039992
0.0434784
0.113416
-0.178668
-0.344267
-0.280742
-0.173647
0.118485
-0.0265151
0.126501
-0.23489
0.0833564
0.399673
-0.0707902
-0.0133626
0.0742058
0.0227284
0.218568
0.229277
-0.174305
-0.0978848
-0.430132
-0.444304
-0.349964
-0.382258
-0.00556182
-0.264769
0.261577
0.786111
0.0236968
-0.207937
-0.067352
-0.21065
-0.374565
0.0983089
0.341255
0.217392
-0.241003
-0.153619
0.0664296
0.187229
0.191086
-0.00356817
0.169447
0.0811487
-0.12127
-0.309827
0.18365
0.205547
-0.0333805
0.0365181
-0.259469
-0.421297
-0.256898
-0.222592
-0.256998
0.475573
0.555889
0.108975
0.20337
-0.0652821
0.132081
-0.198084
-0.194634
0.093325
0.175953
-0.227024
0.197201
0.193956
0.0721069
0.336483
-0.201912
-0.242397
0.0894087
0.0764353
0.11694
0.336158
-0.289913
0.211593
0.420895
-0.0792593
0.519904
0.60291
0.334856
-0.319828
-0.609717
-0.0845456
0.0422768
0.0188781
0.327961
0.784148
0.451629
0.26873
-0.113778
0.0807914
0.0231136
0.720317
0.676038
0.484246
0.0214715
-0.154481
-0.0769672
-0.0498894
-0.11206
-0.237696
-0.00338066
0.713989
-0.601628
-0.40798
-0.0188654
0.261596
0.147686
-0.158111
0.0118043
-0.0790527
0.628702
0.206737
-0.00669591
-0.586002
-0.0578562
-0.0432522
0.139839
0.057953
0.149628
-0.0848384
0.0315422
-0.081743
0.0522462
0.350723
0.0724343
0.264738
0.263608
0.0424703
0.0619992
-0.331263
-0.471334
-0.30427
-0.0100115
-0.401942
-0.0664886
0.303722
0.14842
0.0413677
-0.1617
-0.245738
-0.424659
0.473654
-0.0194827
-0.214162
0.0227275
0.0403401
-0.110482
0.130262
0.396042
0.383987
-0.0122267
-0.250597
0.211272
0.230555
0.0422363
0.334898
0.0320254
0.0788608
-0.0244478
-0.23977
-0.182284
-0.118877
-0.265582
0.0143898
0.0434734
0.160328
0.136291
0.0504838
0.719311
-0.287463
-0.266725
-0.444903
0.187445
-0.0440174
0.0993453
0.0443568
0.052268
0.305808
-0.211234
-0.162148
-0.0967132
-0.202787
-0.151652
-0.00565045
-0.0863826
-0.203846
-0.291611
-0.428514
0.165687
-0.0657068
0.323304
0.416101
0.0564824
0.156083
0.0406936
-0.159997
0.625056
0.550341
0.0101006
0.0769962
0.14872
-0.34741
-0.216285
0.0623556
0.250876
-0.0192049
-0.334509
-0.00954545
-0.291751
0.108497
0.470358
0.647693
0.361649
0.241154
-0.285965
-0.311719
-0.286648
-0.259826
0.105674
-0.515713
-0.0756503
0.318607
0.298847
0.71905
0.578352
0.232708
0.103119
-0.229998
-0.0545275
-0.188261
-0.569956
-0.382243
-0.599048
-0.28156
-0.0217142
0.207607
0.0226463
0.444933
0.0921957
-0.346399
-0.142389
-0.222848
0.0502852
-0.464706
-0.0727238
0.515083
0.649086
0.436165
0.184925
0.161703
-0.100907
0.128201
-0.211359
-0.232833
-0.0315163
-0.058266
0.0321702
-0.102962
0.0827804
0.0605977
-0.0218729
0.0008189
-0.204553
-0.257402
0.0808127
-0.0140115
-0.299125
0.0512887
0.110104
-0.0919515
-0.0807255
0.455131
0.378098
0.60674
0.256433
0.116302
0.270094
0.130128
0.245051
0.0605088
0.0177779
-0.274266
0.0363185
-0.289468
-0.0910472
-0.157903
0.0843959
0.0433193
-0.059601
0.154173
0.264481
0.184846
0.207134
0.481545
0.105151
0.185946
0.00280498
0.126404
0.434021
-0.063323
-0.0263517
0.406912
-0.451361
-0.251679
0.488927
-0.412163
0.2653
-0.169301
0.158531
0.242788
-0.086954
-0.23972
-0.52529
-0.0675597
0.353914
0.253994
0
0
0.607255
-0.117057
0.0329016
0.349482
-0.120541
-0.446624
-0.26194
0.144709
0.19375
0.101023
-0.172394
0.0893302
-0.343367
0.141258
0.198989
0.239574
-0.265711
0
0
0
0
-0.280626
0.0200775
0.114803
0.234502
0.100172
0.0608057
0.197099
0.18796
-0.595221
-0.459517
0.0748571
-0.0264386
0.24346
0.134811
0.259345
0.14307
0.0297933
0.145536
0.168187
-0.0389798
0.0846984
-0.215182
-0.083428
-0.278288
-0.406942
-0.1555
0.114789
-0.329865
0.0587519
0.294511
0.0116574
0.165324
0.28436
-0.0172636
-0.186865
-0.37805
0.18854
0.170626
0.125824
-0.249846
-0.517041
0.0478796
0.257593
0.0716347
-0.00497098
-0.0726761
0.0714858
0.251985
0.101141
-0.132053
0.154689
0.106031
0.0335055
0.150924
0.467744
0.863032
0.22104
0.0320497
0.0834994
-0.264049
-0.681172
-0.0759148
-0.402958
-0.467176
0.183041
0.0583903
0.383872
-0.216207
-0.309766
0.0017117
0.498375
0.272736
-0.186771
-0.493401
-0.243156
-0.5646
-0.0911339
-0.0631086
0.234243
-0.181214
0.442588
0.518151
-0.0118202
-0.060127
-0.00280519
0.163839
0.0284524
0.319789
0.0832144
-0.048953
-0.191233
-0.30335
-0.337201
0.0436772
0.305416
-0.245548
-0.290646
0.2404
0.415854
0.317735
0.223023
0.288018
0.0106033
0.263942
0.465529
-0.00674896
-0.272716
-0.731657
-0.116142
-0.14618
-0.0719046
-0.15199
-0.0988739
0.109886
0.484631
0.152855
-0.0796658
0.231394
0.249802
0.00331687
0.197466
0.0402187
0.20661
-0.251712
-0.020799
-0.298624
-0.380751
0.0817835
-0.0689793
0.36022
-0.0490116
0.353609
-0.218824
-0.575907
0.0126844
0.258916
0.138308
-0.0388751
0.377429
0.392036
0.189579
-0.0300137
-0.150941
0.218616
-0.0258538
-0.268982
0.184959
0.433169
0.298675
0.248671
-0.0737445
-0.037684
-0.253278
-0.00163742
-0.127696
0.333349
0.15213
-0.243024
0.0535621
-0.134221
-0.525496
0.020197
-0.413531
-0.142454
0.137502
-0.115474
-0.304141
-0.0488182
0.260479
-0.00920958
-0.13891
0.127323
0.23308
0
0
0
0.181176
-0.15803
-0.259223
-0.248425
-0.0377135
-0.310182
-0.42063
-0.071389
0.317615
-0.0362034
-0.140949
