0.291875
0.107328
-0.0614252
-0.155705
0.0320847
0.669321
0.0745798
-0.194309
-0.277273
0.163966
0.351058
0.118028
-0.57475
0.0815723
-0.0392503
-0.294742
-0.00125756
-0.0694564
-0.125642
-0.125436
0.275133
0.596532
0.110651
-0.0803622
-0.177572
0.0127705
0.180429
0.219082
0.181901
-0.0636927
0.0752402
0.143169
0.0768888
0.286285
-0.363944
-0.0885026
0.227351
0.110611
-0.0931955
0.257108
-0.0317941
-0.265818
-0.494652
-0.255011
-0.0040138
0.174129
-0.222626
-0.109326
0.25633
0.222891
0.226387
0.224999
0.0129928
-0.0574969
-0.170461
0.00093422
-0.13778
-0.110487
0.168725
0.279628
0.00309716
-0.647076
-0.368144
0.209405
0.0136039
-0.0626585
-0.127537
-0.120491
-0.217315
-0.0604097
0.373285
-0.910293
-0.386164
-0.0577526
-0.244356
-0.0317601
0.286974
-0.0240947
0.227409
-0.14956
0.0746884
0.635161
-0.0254904
-0.00140308
-0.315427
0.117068
-0.1348
-0.480793
0.0879111
0.399909
-0.107572
0.0489636
0.0944328
-0.141094
0.337707
0.203002
-0.251108
0.0519058
-0.612798
0.288801
-0.0514165
0.208739
0.0298154
-0.056599
0.565344
-0.153297
-0.114342
0.530317
-0.224846
-0.10078
0.187102
-0.172883
-0.098825
-0.0261331
-0.14094
0.611167
-0.397131
-0.131061
0.0044846
-0.31344
-0.279101
0.129185
0.32077
0.222692
0.083728
0.0906811
-0.182521
-0.23726
0.332144
0.336279
0.0248732
-0.159552
0.101949
-0.0342934
0.33972
-0.0584957
0.0155641
-0.0896195
-0.186366
0.236021
0.120335
-0.0097143
-0.108534
-0.013401
-0.0425361
0.298816
0.361836
0.439217
0.043949
-0.120516
-0.0398468
-0.177496
0.344889
-0.0478717
-0.0776413
0.152868
-0.264359
-0.170348
0.660559
0.138584
0.0824814
0.183538
0.0258247
-0.189263
-0.640183
-0.153241
0
0
1.02486
0.385521
-0.00933322
-0.148394
-0.481396
-0.499961
-0.0728076
0.182094
-0.271252
-0.273319
-0.287114
0.0799166
0.417733
-0.182381
0.603928
0.0411178
0.303176
0.684717
-0.066982
-0.467638
-0.352154
0.0221865
-0.212265
0.371539
0.0148095
0.347073
0.394711
-0.216969
-0.172105
0.375891
0.408983
-0.421986
-0.246781
-0.224612
-0.063202
-0.0872467
-0.357878
-0.0547981
0.23537
0.498668
0.0794665
-0.139282
0.399709
0.0697118
-0.0331163
0.0205444
-0.298578
0.0823263
0.0262674
-0.364713
0.230614
0.321935
-0.0766792
0.0902608
0.293259
0.040109
-0.272959
-0.17239
0.200863
0.403628
0.00144267
-0.0459408
-0.382176
-0.171347
-0.0594851
-0.111025
0.128966
0.301703
-0.279118
-0.343772
-0.157925
-0.424901
-0.00424872
-0.0417466
0.158734
0.148105
0.256968
-0.176408
0.334843
0.077719
0.382211
0.234334
-0.365262
-0.198639
-0.023146
0.597587
0.135594
-0.118573
-0.121698
0.194986
0.0808645
-0.0519592
0.160577
-0.210919
0.066538
-0.340077
0.0943158
-0.109262
-0.106689
0.189283
0.227637
0.619101
0.103492
0.317144
0.417691
-0.0323586
-0.000451766
-0.126003
-0.328159
0.162113
0.169006
-0.387564
0.0964542
-0.149124
-0.312629
0.351585
0.0237751
-0.460558
-0.172681
0.202838
-0.273763
-0.0102142
-0.35155
-0.107566
-0.0379198
-0.0546749
-0.250973
-0.0669615
0.218142
-0.134241
-0.308136
-0.11935
0.332517
0.324288
0.397928
0.531107
-0.186744
-0.154611
-0.0220724
-0.0845017
0.233735
0.289057
0.403941
-0.217987
0.239296
0.136697
-0.21664
-0.0462781
-0.182309
-0.59855
-0.131767
-0.0428905
0.248571
-0.00805471
0.061033
0.165287
-0.347767
-0.170787
-0.126206
0.126846
0.546158
0.340102
0.355397
0.595738
0.0333902
0.112013
-0.103487
-0.260632
-0.285188
-0.277116
-0.0106178
-0.250885
-0.0852082
0.173498
0.365994
-0.00689711
-0.326878
-0.153116
0.364892
0.103164
-0.14888
-0.0200634
-0.0239112
-0.0842329
-0.212361
-0.104752
-0.0259216
-0.320526
-0.0215724
-0.215175
-0.13072
-0.580881
-0.230884
0.258534
0.213609
0.213664
-0.0300649
-0.275796
0.0249322
-0.316335
-0.106236
-0.264523
-0.249308
-0.0884285
-0.0524567
-0.132562
0.67678
0.206411
-0.028351
0.406311
-0.099368
-0.730301
-0.496506
0.252351
0.189228
0.0188038
-0.0976685
0.677723
-0.000993818
-0.220734
-0.104074
-0.172121
-0.333204
0.266402
0.288134
0.197007
0.11705
0.016827
-0.0564655
-0.115095
0.0340602
-0.298221
-0.12413
0.519601
-0.393154
-0.0999568
0.214962
0.415857
0.0863917
-0.0851765
-0.00937613
0.505972
0.175791
-0.146735
-0.106424
-0.163558
-0.233758
-0.0566089
-0.174283
-0.0446152
0.00729308
0.100904
0.0873058
0.318964
0.119771
0
0
0.265148
0.287458
0.106324
-0.180855
-0.162787
0.257148
0.103038
-0.373287
-0.658981
-0.680309
0.409394
0.104397
-0.126237
-0.06109
-0.0841253
-0.145279
0.0323136
-0.282255
-0.416754
0.0858055
-0.0213468
0.037783
-0.0195311
0.15533
0.234697
-0.252858
-0.319914
0.00889202
-0.102777
-0.30331
-0.191928
0.189
0.344034
-0.26136
0.0476508
-0.19056
0.0364325
0.0713035
-0.026756
-0.0787978
-0.290673
0.0502594
0.180897
-0.17923
-0.0453232
-0.0206683
0.296787
0.395997
0.0647595
-0.103327
-0.208241
-0.362943
-0.290099
-0.114196
0.201143
0.118108
-0.497437
-0.0362096
0.314607
-0.0615138
-0.280515
-0.0699363
0.308554
0.516929
-0.0391632
0.0597095
-0.295279
0.0955136
-0.0566076
-0.286419
-0.427219
0.137668
0.231467
-0.0114143
-0.152745
-0.100736
-0.323821
0.0598367
0.671616
0.257132
-0.280984
-0.0171146
0.446698
0.24432
-0.106148
-0.252044
-0.495035
-0.282738
-0.0983312
-0.226461
-0.0136051
-0.414914
0.0671879
-0.0658817
0.0220094
-0.0607917
-0.332064
0.225065
0.232876
-0.298082
0.0490194
-0.384899
-0.21993
-0.401341
-0.119243
0.02471
0.016303
0.347399
0.0962191
-0.0677446
0.182036
-0.0632003
-0.150313
-0.353696
-0.167225
0.267729
-0.20445
-0.0275912
-0.144756
-0.0470134
-0.0784794
0.213049
-0.156099
0.064173
0.148909
-0.0638307
0.0730778
0.016323
-0.0173831
-0.21433
0.0330893
0.526201
-0.0533128
-0.203842
-0.0738677
-0.0430875
-0.178253
0.136851
0.409614
-0.10268
-0.549232
-0.304862
-0.117511
0.371243
0.283851
-0.251039
-0.0696581
-0.344296
0.200794
0.218461
0.239772
0.0405543
-0.544817
-0.0253434
0.26595
0.367079
0.0424007
0.0865761
-0.134917
-0.332989
0.0137139
-0.154248
-0.16975
-0.13039
-0.136938
0.399791
0.110372
-0.0340677
-0.211686
