0.142397
0.191807
-0.42792
0.0788572
-0.315429
-0.194185
0.082785
0.120344
0.141557
-0.306853
-0.0618211
-0.270646
-0.404448
0.38182
0.257945
0.157951
0.0697616
0.242137
-0.0890941
0.00741332
-0.131059
-0.4161
0.1475
0.0406082
0.358918
0.115358
-0.433655
0.193697
-0.0950065
-0.0962325
-0.115912
-0.224733
-0.019234
0.00488261
-0.179413
0.0180894
-0.19683
-0.142959
-0.0997275
0.0518701
0.627204
0.351055
-0.102502
-0.299572
-0.05092
0.169255
0.157849
0.0427723
-0.147973
0.359447
0.519484
0.134028
-0.116835
0.265838
-0.0137495
0.0703066
-0.447152
-0.364307
0.151648
-0.12491
0.000967491
0.314961
0.0901697
0.19631
-0.129271
-0.041358
-0.283291
-0.26989
-0.12245
-0.448193
-0.300143
-0.138003
0.0281302
-0.42997
-0.360456
0.214115
-0.156901
-0.0318658
0.143385
-0.114821
0.0452126
0.00793015
0.188872
0.0603978
-0.273477
0.138686
0.0695773
-0.0791654
-0.186604
0.0282561
0.441271
0.386743
0.30179
-0.356243
-0.416702
-0.299827
0.202572
0.313872
0.00551816
-0.129033
0.0235922
0.377964
0.460851
-0.144508
-0.22162
-0.109239
-0.164463
0.0296775
-0.27542
0.139455
0.39387
-0.0109732
0.205571
0.44602
0.149691
-0.0102533
-0.0436873
0.166164
0.322214
-0.0581233
-0.18906
-0.306125
0.227084
-0.22358
-0.149247
0.0465902
-0.167659
-0.172788
0.188264
-0.386827
0.332587
0.0975163
-0.192074
-0.281864
0.152513
-0.383074
0.0772067
-0.364606
0.0471265
-0.171853
-0.146434
0.0243303
-0.275659
0.0936869
-0.120769
-0.250388
0.377456
0.0694531
0.125736
-0.278703
-0.189769
-0.088375
0.247377
0.119932
-0.11318
0.42307
-0.0196726
-0.559061
-0.100729
-0.272577
-0.346949
0.168889
0.638229
0.517247
-0.100444
0.164004
0.222172
0.172643
-0.0498949
-0.160781
-0.0151496
0.154292
-0.374811
-0.517585
-0.652271
0.0449813
-0.198484
-0.446465
0.0847803
-0.110553
-0.300258
-0.190321
-0.57702
-0.183824
0.101621
-0.0162212
0.0708057
0.470043
-0.190914
0.158355
0.418618
-0.071123
-0.177988
-0.401437
-0.285879
0.0384084
0.0322904
-0.0405236
-0.0159672
-0.0347458
-0.397807
0.110908
-0.17854
-0.319827
-0.297735
-0.092757
-0.481796
0.0900326
0.114097
-0.0458356
0.258398
0.230161
0.216321
-0.28444
-0.174312
-0.0839511
-0.126073
-0.0148369
0.174066
0.052054
-0.289091
0.312229
0.128205
-0.454855
0.131467
-0.444283
-0.229866
0.0319025
-0.180463
0.51734
0.653694
0.0621058
-0.0934452
-0.00676692
0.44382
0.131413
-0.230939
0.0699373
-0.0848117
-0.267206
-0.141905
0.452331
0.143152
-0.350747
-0.452565
-0.417672
-0.197965
0.446711
0.00768262
0.0276317
0.14765
0.361986
0.0398664
-0.0468295
-0.354721
-0.071982
0.198058
0.0855724
0.0845955
0.241593
0.237934
-0.229649
-0.0198456
-0.137398
0.216561
0.0458251
0.259371
-0.345118
-0.131599
0.125742
0.347643
-0.0640222
0.266966
-0.0220495
-0.190345
0.0739528
-0.0538981
0.401243
-0.122725
-0.427938
-0.317206
-0.27922
0.433485
0.140776
-0.883126
-0.182548
0.2372
0.178814
-0.0558866
-0.237237
0.255006
0.190713
0.253707
-0.0532714
-0.212606
-0.146372
0.161184
-0.309613
-0.262251
0.206004
-0.0224539
-0.402426
-0.0882745
-0.154076
0.1391
0.204117
0.368885
0.256239
0.122961
0.244462
-0.0332301
-0.213342
-0.138633
0.334925
-0.15659
-0.139927
-0.0523881
0.145324
0.124237
-0.530187
0.105612
0.255804
-0.237827
-0.133824
-0.236016
0.204057
-0.196959
0.0808404
0.35636
-0.248671
-0.187545
-0.0897288
0.587825
0.358037
0.63893
0.0563309
-0.0609523
0.0375492
0.20448
0.0208289
0.174839
-0.211295
-0.502743
-0.112933
0.0900852
-0.0068161
-0.033452
-0.117013
-0.401318
-0.0324798
-0.691485
0.00258429
0.249825
0.371652
-0.284297
-0.124395
0.407993
0.249882
-0.120314
-0.506805
0.0459818
0.0998255
0.149843
0.371118
-0.38537
0.0627393
0.0762144
-0.00822736
-0.684059
-0.478349
-0.0223786
0.257986
0.100818
0.318174
0.268007
-0.24675
0.605241
-0.0603719
-0.318759
0.0203762
-0.0240131
0.171766
0.182818
-0.134555
-0.327427
0.110146
0.0356264
0.0701559
-0.0878011
-0.100202
-0.011357
-0.157122
0.0427418
0.364084
0.150525
0.265006
-0.104843
-0.465161
0.0447822
-0.306176
-0.181567
0.198141
0.201815
-0.151438
-0.0630993
0.0904591
-0.126947
0.234655
0.209281
-0.0948605
-0.0980836
-0.0876548
0.502169
0.199349
0.0768219
-0.319069
-0.297742
-0.547123
-0.226803
-0.0996525
-0.482391
-0.137865
-0.022138
-0.0267679
-0.186971
0.158237
0.262488
0.513318
0.388868
0.487228
0.210375
-0.00347826
-0.128784
0.208843
-0.119601
0.327626
0.152693
0.0461018
0.167743
-0.0261566
-0.550102
-0.396743
0.372028
-0.000430588
-0.0167791
0.130971
0.136314
-0.220924
-0.0687024
0.307789
0.0636462
-0.305589
0.0992648
-0.283977
-0.457889
-0.411364
0.262877
0.0599494
0.0190594
-0.128947
0.233946
0.311187
0.254394
-0.332005
-0.0768527
0.298048
-0.0570837
0.211295
0.164405
0.2123
-0.0564164
-0.310025
-0.312537
-0.349077
-0.29744
-0.0134374
0.0359874
0.186305
-0.230615
-0.12308
0.233244
0.0591522
-0.47247
0.115722
0.0831919
0.282689
0.284875
0.218074
0.366416
-0.720037
-0.591479
0.272169
0.302663
0.0103249
0.510799
0.191718
-0.0772967
0.068299
0.191327
-0.227822
-0.413354
0.0818569
-0.00729872
0.427901
0.559584
0.0692202
-0.0485035
0.394947
0.188162
0.120802
-0.263273
-0.165943
0.0481731
0.308891
-0.291987
0.0517185
-0.291176
0.0827
-0.277991
-0.412852
-0.598748
-0.784058
0.296993
0.327825
0.299711
0.183153
-0.271824
0.136519
0.628946
0.64945
0.0791284
0.350418
0.581536
-0.142215
-0.403087
-0.15518
0.313271
0.226545
0.0818669
-0.229788
0.290516
-0.126252
0.168076
0.38691
-0.359408
0.774992
0.86655
-0.179375
-0.261233
-0.658349
-0.219266
0.522077
-0.567377
-0.388201
-0.207619
-0.118442
0.231305
0.304694
-0.314413
-0.299711
0.455787
0.499455
-0.311273
-0.168826
0.200117
-0.171978
-0.0194628
-0.306248
-0.329478
-0.281018
0.112058
0.0796383
-0.265971
-0.369187
-0.114751
-0.33103
-0.34033
0.218204
0.173132
0.284905
0.123055
0.318621
0.186925
0.0283543
-0.408687
-0.236918
-0.193528
-0.777225
-0.469327
0.124231
-0.0872814
0.613927
-0.088816
-0.0824191
