-0.268374
0.145478
0.387264
0.992396
0.22525
-0.0792906
0.103601
-0.368757
-0.952462
-0.505321
-0.174383
0.248025
0.23352
0.0868943
-0.141335
0.433553
0.6762
0.166456
0.206828
-0.601865
-0.449764
-0.399444
-0.0648939
0.467233
0.187791
0.0198267
0.0468776
0.615927
0.37394
0.0786759
0.312866
-0.119186
0.394616
0.420639
0.176604
-0.448534
-0.683781
-0.0154834
0.429994
0.388687
0.529838
0.72479
0.300128
-0.270201
0.100563
0.313826
0.140054
0.331431
0.57714
-0.0314896
0.161845
0.282025
0.409356
-0.330024
-0.908373
-0.687565
-0.243422
-0.36299
-0.242643
0.352361
-0.197868
-0.260948
-0.04509
0.0601447
-0.058967
0.159483
0.268108
0.516183
-0.0340328
0.0257549
0.00357859
-0.262729
-0.116214
0.0455419
-0.0331822
-0.283842
0.13441
0.14061
-0.227631
0.284248
0.222646
-0.189575
0.0548302
-0.0988061
0.378761
0.2741
0.175027
0.0921952
0.101145
0.211714
0.0434434
-0.0742875
-0.143866
-0.157605
0.316121
0.486753
0.100936
0.128367
-0.146114
-0.445558
0.130653
-0.0994537
0.22279
0.306033
0.454123
0.219712
0.220332
-0.13867
-0.379876
-0.210625
-0.00288231
0.253695
0.00503628
-0.432934
-0.262113
0.429361
0.135838
-0.00752486
0.136286
-0.0995891
0.170189
0.365084
0.00537658
-0.156485
-0.173835
-0.0416487
0.217191
0.193923
0.246537
0.24995
-0.000204086
-0.208462
0.0251234
-0.0708274
-0.191608
-0.289406
-0.60199
-0.628332
-0.534341
-0.83087
-0.202931
0.0141031
-0.00342117
-0.0584813
-0.0234447
0.0106228
0.36929
0.039677
0
0
0
0
0
0
-0.0390193
0.244028
0.185267
-0.0611466
-0.252893
-0.196407
0.126476
0.189681
-0.35386
0.164694
0.171975
0.0327456
0.0480428
-0.0132278
-0.219786
-0.0470724
0.286104
0.102928
0.163334
-0.12929
0.198949
0.292954
0.373361
-0.00134348
-0.15165
0.33967
-0.0412623
-0.195131
0.0971512
0.0854335
-0.0797491
-0.358735
-0.0509083
-0.39751
0.0477423
-0.0703776
-0.422561
-0.138941
0.297446
0.194106
0.00290257
0.140551
0.21525
0.161109
0.164729
0.173696
0.151779
0.223409
-0.324848
0.255959
0.156587
0.438525
0.422443
0.262065
-0.0450082
-0.162571
-0.109867
-0.559168
-0.291836
0.334391
0.363465
-0.00259625
-0.07999
0.111268
0.0842679
-0.0473975
0.231313
-0.0473824
0.0810184
-0.18576
-0.142316
-0.105941
0.0860948
0.0112336
0.155063
0.111048
-0.206954
0.298368
0.255846
0.00592867
0.059856
0.115144
-0.0133447
0.207714
0.0126754
-0.157214
-0.311014
-0.115022
0.357093
0.203977
0.286348
0.154477
0.2879
0.0470112
-0.038372
0.0814514
-0.339244
-0.0807599
-0.29779
-0.309452
-0.00117643
0.116829
0.658933
0.347982
0.0272932
-0.117801
-0.360614
-0.595289
-0.475376
0.161938
-0.0623592
0.147246
-0.0121982
-0.171167
-0.328693
-0.217757
0.300133
0.363624
0.113616
0.0566301
-0.167134
0.138152
0.0967457
-0.0817459
-0.165809
-0.154234
0.427744
0.18816
0.0793156
0.219631
0
0
0
0.0800294
-0.287293
-0.322554
-0.306093
-0.111174
-0.0744163
-0.0588323
0.0953919
-0.142335
-0.213742
-0.0748153
0.241468
0.479863
0.134452
-0.0609602
0.145205
0.211885
0.00909219
0.111746
0.0612804
0.201421
-0.250874
-0.247477
0.158324
0.0408066
0.155047
0.141686
-0.147072
-0.24155
0.357878
-0.0182383
-0.512124
-0.128176
-0.122188
0.28352
0.306564
-0.457332
0.223915
0.508419
0.314225
0.216811
-0.0898934
-0.512394
-0.281021
-0.111147
0.247902
0.00346978
-0.113305
-0.243471
0.109562
-0.0431499
-0.11249
0.452339
0.620315
0.582161
-0.205423
-0.0739272
0.0645523
-0.240377
0.0873324
0.263925
-0.240444
-0.0784123
0.273269
0.43685
0.542255
0.337769
-0.129542
-0.363043
-0.265632
-0.583498
-0.0931087
0.547048
0.319686
0.439111
-0.258462
-0.331798
0
0
0
0
0
-0.127458
0.337766
0.164853
0.1008
0.38399
0.200245
0.136438
-0.207903
0.01732
0.0836667
-0.207681
-0.442712
-0.268368
0.0984939
0.265836
-0.772431
-0.539043
-0.219287
0.142056
-0.220659
0.209788
0.475029
0.418849
0.140056
-0.25111
-0.293152
-0.00973757
0.162284
-0.0804223
-0.0730934
0.019475
0.0955214
0.258004
0.0300621
-0.0645386
0.194157
0.310084
-0.0742955
0.064695
-0.0588169
0.122641
-0.280838
-0.0355636
0.120414
-0.518964
-0.27785
-0.00833722
-0.0582736
0.0360894
-0.162992
-0.0234545
-0.319493
0.216949
0.538729
0.167202
0.159284
0.362643
0.346461
0.254003
-0.0025104
-0.325411
-0.199242
0.270511
0.269247
0.760597
0.248467
-0.141507
-0.325143
0.0714939
-0.0960676
0.212241
0.279346
0.449196
0.268231
0.34522
0.119954
0.208559
0.499552
0.325947
0.129107
-0.575702
-0.113351
-0.097102
-0.391941
0.09369
0.49888
0.111049
0.140339
-0.0766845
-0.121905
0.255383
0.231133
0.0663861
-0.235688
-0.125691
-0.441948
-0.0932021
0.125523
-0.138588
-0.21019
-0.0680396
0.0823492
-0.563732
-0.906114
-0.0787844
0.253657
0.0022637
0.194859
0.240423
0.264562
0.128694
-0.166736
-0.450834
0.0520434
0.011018
-0.288618
-0.0141565
-0.20843
0.0612823
0.246351
-0.662227
0.203321
-0.349924
-0.565675
-0.27589
0.251239
0.0473164
1.04015
0.391128
-0.354631
-0.091544
-0.0129016
0.239269
-0.201103
-0.223771
-0.246434
-0.0432685
0.0946869
0.599591
-0.243942
-0.530003
-0.479015
-0.394376
-0.402248
-0.336835
-0.276653
0.14742
-0.334131
0.0889366
0.17199
-0.460005
-0.475904
-0.20438
0.415185
-0.66079
0.0196836
-0.337784
-0.150613
0.363123
0.4052
0.614696
0.561001
0.166991
-0.172208
-0.242246
0.190581
0.0151873
-0.328566
-0.206306
-0.205979
-0.139941
-0.209689
0.199319
0.28082
0.452298
0.1633
-0.294396
-0.0230167
-0.420936
-0.786525
-0.295691
-0.16809
0.0717032
0.0385484
0.0564977
-0.0668018
0.215668
0.393439
0.0564719
0.320403
-0.250768
0.563743
-0.437926
-0.9192
-0.203157
-0.250949
-0.541301
-0.509381
0
0
0.126985
-0.0601122
0.0654425
-0.218154
0.29217
0.465225
0.0333977
0.144087
0.276462
0.0193804
0.0731121
0.277277
-0.221813
0.177762
0.105905
0.400737
0.297375
-0.247617
-0.0678825
-0.444184
0.147463
0.206666
-0.0680845
0.231036
0.00136976
