-0.219261
-0.287762
-0.500603
-0.502504
0.0374022
0.195166
0.182622
-0.210947
-0.205657
0.0124091
-0.0723245
0.0769057
0.329078
0.205026
0.415275
-0.264744
0.257257
0.0902114
-0.183551
0.0330273
-0.122266
-0.286651
-0.289063
0.239842
0.227918
0.5252
0.0270789
0.0952695
0.0452669
-0.141647
-0.214481
-0.649727
-0.39259
0.0322964
0.133853
0.154679
0.0247612
0.372526
0.0492886
0.500037
0.137357
-0.225916
-0.10309
-0.238406
-0.142445
-0.189306
-0.020168
-0.0431159
0.0169687
0.124266
0.18784
0.166124
-0.405342
-0.113538
-0.267937
-0.0106117
-0.267357
-0.144573
0.380088
-0.00508395
0.0998834
0.218962
0.1148
-0.185459
0.430031
-0.15568
-0.458388
0.491117
-0.045352
0.141051
0.431452
-0.17595
0.0275984
-0.0862854
0.302137
0.171776
0.0160022
-0.260955
0.150988
-0.558105
-0.00724471
0.58798
-0.0873782
-0.426543
-0.254751
0.347902
0.0905828
0.331037
0.0793332
-0.812805
-0.392951
-0.281908
-0.432255
0.116326
0.402663
0.323328
-0.153179
0.714362
0.187138
-0.319305
0.205349
-0.729932
0.297583
0.381876
0.440047
0.268347
0.292093
-0.260961
-0.454876
-0.123116
-0.163669
-0.0569082
0.0260301
-0.0201744
-0.328023
-0.226452
-0.302243
-0.247302
0.193617
0.188417
0.0525991
-0.340354
-0.296864
-0.0821232
0.106467
0.533226
0
0
0
0
0.529241
0.5691
0.108865
-0.158
-0.717326
-0.0571465
-0.120948
-0.403962
-0.0364473
0.547247
-0.197355
-0.244811
-0.00990155
-0.0954455
0.170065
-0.423543
0.0773877
0.793961
-0.56842
-0.837849
-0.551586
0.245941
0.465283
-0.222578
-0.417508
0.0323921
-0.141002
-0.0543112
-0.101269
0.271056
0.0854302
0.353507
-0.0948558
0.410073
0.207178
0.280344
0.197664
-0.508734
-0.157573
-0.11307
0.0677852
-0.381994
-0.224697
0.222607
0.296047
0.389979
-0.11758
0.290004
0.455284
-0.312963
-0.454805
0.299425
0.0898164
-0.607765
0.0877197
-0.0926625
-0.0308646
-0.10751
0.383976
0.374028
0.315338
-0.296872
-0.315266
-0.354129
-0.428812
-0.0372866
-0.142588
-0.229533
0.0233973
0.119815
0.0512997
0.355137
0.440588
-0.27787
-0.113135
0.148888
-0.552511
-0.454763
-0.10259
-0.463762
0.139802
0.328134
0.399322
0.157385
-0.00721307
0.216801
0.151395
0.0284661
-0.296677
0.49247
0.000893135
0.0136651
-0.154981
0.0107347
-0.106705
-0.0603722
0.271796
0.07618
0.267434
0.291325
0.389755
0.323205
0.0070565
0.4042
0.160622
-0.0136662
-0.00326166
0.147967
0.196733
-0.0743681
-0.31442
-0.24918
0.0334703
-0.0584898
-0.064119
-0.345465
0.169267
-0.172946
-0.16588
-0.180706
0.33722
0.394816
-0.107067
0.295455
-0.212277
0.0798094
-0.435206
0.398627
-0.218501
0.124861
0.618312
0.068519
0.211428
-0.186609
-0.746278
0.096127
-0.2832
0.0170812
0.236744
-0.238365
0.182592
0.0994984
-0.0413979
-0.281461
-0.627027
0.0177339
0.204494
0.409701
-0.276897
0.0415702
0.128186
-0.113153
0.118508
-0.162943
-0.0327875
0.250409
0.510554
-0.187313
0.0796834
0.292519
0.0007123
0.198136
-0.39377
-0.386263
-0.313163
-0.146524
-0.221516
-0.37612
0.555814
0.382382
-0.0493373
-0.357186
0.0682173
0.488335
-0.13562
-0.0193487
-0.0152633
-0.413935
-0.297704
0.291873
0.0983263
-0.00304558
0.40428
0.399011
0.227408
-0.790939
-0.088346
0.737289
0.476014
0.0370236
-0.395938
-0.463985
0.310996
-0.0897361
-0.292199
0.0125998
-0.148757
-0.0852928
-0.321965
-0.0141158
0.0900245
-0.136273
-0.237155
0.31001
0.205621
-0.77352
0.299815
-0.275926
-0.165562
-0.117029
0.162171
0.206485
0.232909
0.508458
0.938703
0.592927
-0.261151
-0.573963
0.000941904
0.134144
-0.21267
0.0963425
0.742332
0.491846
0.0235376
0.17616
0.281566
0.158719
-0.133085
0.0139493
-0.466911
-0.787487
0.137246
-0.479544
0.137011
-0.203769
-0.340827
-0.425619
0.648711
0
0
0.0482995
0.616183
0.0641333
-0.697228
0.328312
0.334754
0.487865
0.0189405
0.359997
0.0754475
-0.243386
-0.172899
0.28786
0.418884
-0.135465
-0.00590826
0.13386
-0.145327
0.0526723
-0.0127137
0.771287
0.312769
-0.385925
0.0148319
0.11817
0.103988
0.0669609
0.230037
-0.17223
-0.776777
-0.0865933
-0.586879
-0.179371
-0.254794
0.523933
0.664639
0.350003
-0.265169
0.174529
0.483381
-0.195025
0.173686
0.126591
0.252358
0.109504
-0.378204
-0.372262
0.268197
0.68563
0.477217
0.276169
-0.0325177
-0.278434
0.100758
0.27332
-0.336471
-0.0544606
0.0110274
-0.44043
-0.31647
-0.0648781
-0.456306
-0.182532
-0.300597
0.0936853
-0.140701
-0.0798104
-0.109949
0.154963
0.152271
-0.126121
-0.110891
-0.188222
0.0508819
-0.319692
0.145073
0.332185
-0.323615
-0.0179614
-0.675514
-0.486881
0.0651862
0.513098
-0.00922446
-0.212905
0.023427
0.362067
-0.193482
-0.752614
0.0803498
-0.121784
0.269768
-0.105359
0.136531
0.490428
0.341332
0.342395
0.143783
0.137541
-0.478054
-0.0959323
0.193495
0.152321
0.103215
-0.0358021
-0.255346
0.0805352
0.0654673
-0.0317967
0.408078
0.551655
-0.0995314
-0.14967
0.164354
0.338663
-0.181531
0.167647
-0.0802196
-0.0356279
-0.372861
-0.846166
-0.340051
-0.0181314
0.146073
0.292583
0.450151
0.129003
0.15214
0.319488
-0.266197
-0.0449365
0.110901
-0.348554
-0.110329
0.109212
-0.442411
-0.0356711
0.0390244
-0.00490078
-0.19096
0.160109
-0.0123941
-0.117048
-0.104707
-0.114114
-0.448853
0.159312
-0.189759
0.251488
-0.471895
-0.489428
-0.301677
-0.108513
0.309954
-0.121757
-0.40389
-0.249943
-0.225549
0.0204405
-0.156848
-0.517448
0.184561
0.497815
0.355809
-0.221787
-0.17196
-0.294096
0.0376358
0.160097
0.0836012
-0.00646852
0.0277834
-0.196257
-0.326934
-0.30636
-0.498015
-0.332666
-0.392113
-0.424452
-0.0262171
-0.251814
0.138304
0.237756
0.364167
0.0727693
0.406229
0.108179
0.489233
-0.457357
-0.505099
-0.188226
-0.14846
0.00914524
0.00526613
-0.17711
-0.103373
0.435918
0.240235
0.2945
0.097504
0.0832252
0.143121
0.424921
0.0589022
-0.674515
-0.46467
-0.0744485
-0.106738
-0.298296
0.467645
0.375422
-0.0250011
-0.59489
0.0608838
-0.0344011
0.464397
-0.697719
-0.338294
0.177807
-0.0994423
0.286183
0.534006
0.404321
