0.0383169
-0.17724
-0.0138779
-0.104749
0.222609
-0.149972
0.0545292
-0.281837
-0.286745
0.501637
-0.051267
-0.171045
0.00789733
-0.00893365
0.172717
0.0926183
0.0677025
0.303401
0.470832
-0.378272
-0.39329
-0.213373
0.0726456
-0.255093
0.11476
-0.0245833
0.6715
0.00838001
-0.229436
0.219032
-0.0398977
-0.189575
0.415551
0.0689576
0.0553055
0.178648
-0.367306
-0.0819534
0.091004
0.211918
0.019136
0.235679
0.30075
0.11099
0.308141
0.122486
0.0503721
-0.0807522
0.0216063
0.0146955
-0.179812
-0.0649546
-0.189001
-0.462017
-0.12977
0.131078
-0.0521629
-0.147967
0.285589
-0.102841
-0.617201
-0.188971
-0.0836362
0.567807
0.323336
0.724098
0.385191
-0.112226
-0.0124207
0.120356
-0.233149
-0.299413
0.139087
-0.300316
-0.300421
0.159523
-0.0965206
0.179673
-0.260533
-0.235108
0.0464236
0.135738
-0.31632
0.0107519
-0.257177
-0.258587
0.308805
0.256201
-0.109507
0.155213
0.036378
-0.238339
0.030512
-0.0520172
0.144734
-0.10617
0.125236
0.367153
0.00216712
0.197867
-0.0608606
-0.113987
-0.454504
0.245385
0.162282
-0.196067
0.522861
-0.084954
-0.225354
0.150924
0.378308
-0.460121
-0.336075
0.103231
-0.406955
-0.343479
-0.658788
-0.22105
-0.196623
0.376075
-0.242309
-0.280903
-0.0479952
-0.124255
-0.159629
-0.202179
-0.476969
-0.504547
-0.0768476
-0.197011
0.292846
0.143076
0.295758
0.555059
0.110101
0.402078
-0.317894
-0.242628
-0.137287
0.229833
0.312339
-0.139884
0.216546
0.078286
-0.0999978
0.0887267
0.319865
-0.387674
-0.231895
-0.0580502
-0.098833
-0.0259363
0.0846634
0.287476
0.0154942
0.0558609
-0.0501657
-0.301527
-0.381961
-0.0844233
0.0106662
0.182523
0.213571
0.116874
0.0549232
-0.375683
-0.387473
-0.154764
-0.162066
0.0513349
0.0376765
0.0968058
-0.0202483
-0.0133928
-0.174459
-0.195598
0.100889
-0.113662
-0.0118199
0.137115
0.128024
-0.0820259
-0.0983337
-0.0979458
-0.144958
0.143292
-0.215667
0.0253873
0.176725
0.0990986
0.0762079
-0.180526
0.206308
0.0453667
0.044384
-0.209912
0.114357
0.124413
-0.0127457
-0.399524
-0.465899
-0.395405
-0.646025
0.22169
-0.113896
-0.476038
0.204467
-0.189397
-0.106153
0.299781
-0.198454
0.0803849
0.394464
0.504088
0.243916
0.0143469
0.0100136
-0.189975
0.168329
0.225125
0.500214
0.403811
0.104424
-0.127707
-0.27486
-0.143735
-0.0150672
0.20848
0.335554
-0.0905327
-0.299218
-0.063893
0.247554
0.0424492
0.0743954
-0.228144
-0.364545
-0.475386
-0.725673
-0.238712
-0.257208
-0.160949
-0.309992
0.0903989
0.0848896
0.293028
-0.211846
-0.305427
-0.27358
0.127628
0.871578
0.639352
-0.23161
0.167652
-0.0856849
-0.117713
0.146661
-0.214501
0.143036
0.132145
-0.141641
-0.0599955
0.253668
-0.326854
0.404735
0.0043618
-0.0493818
0.107317
-0.29221
-0.0649251
0.0189826
-0.0883392
0.187626
-0.133398
-0.577863
-0.297864
0.0903787
-0.17153
0.0153705
-0.0510325
0.209549
-0.267171
-0.0475292
0.251697
-0.243012
0.582931
0.080727
0.218429
-0.18443
-0.106234
-0.367621
-0.300084
-0.369662
0.0536817
-0.313043
-0.0320816
-0.01783
0.0439043
0.0544739
0.2464
0.822931
0.271298
0.236766
0.288209
0.361891
-0.27321
0.0267036
0.0772174
-0.348047
0.0928162
-0.104726
-0.0945312
0.228826
0.194238
0.14378
-0.200543
0.582039
0.607882
0.115463
-0.00244886
0.160606
-0.220234
0.140048
-0.0589672
-0.456743
-0.162122
0.218308
-0.105554
0.297394
0.0385159
-0.294499
-0.0484917
0.294714
-0.389886
-0.360992
-0.0852913
-0.44739
-0.0687943
-0.77796
0.146792
0.0416369
-0.449161
-0.224942
-0.0624132
0.104691
0.122316
0.193824
0.661201
-0.15391
0.118629
0.268668
0.161428
-0.0677618
-0.31324
0.207887
-0.296113
0.075382
0.0402079
-0.00207753
0.054165
0.0887514
-0.0636887
0
-0.413289
-0.403101
-0.271947
0.236006
-0.110193
-0.434196
0.0304436
0.142672
-0.160895
-0.69339
-0.287327
0.126481
-0.243651
-0.22995
-0.428095
-0.0498483
-0.608885
-0.122527
-0.0345073
0.0648946
-0.105551
0.572732
0.0266918
0.0523435
0.309411
0.2042
-0.218735
-0.0743046
-0.142788
0.0687482
-0.0213513
0.0723184
0.00716639
-0.436522
-0.448437
-0.232554
-0.0898267
-0.0938862
-0.102794
-0.259445
0.0246806
0.00295539
0.352464
0.359789
0.131327
-0.17889
-0.376925
-0.0998789
-0.311509
-0.0655634
0.155607
0.151744
0.185654
0.140334
-0.00647075
-0.103003
-0.192154
-0.0104065
0.176399
0.0601577
0.394416
0.173882
0.0674034
-0.619996
0.465505
0.101614
0.0107475
0.0104686
-0.328155
0.0502503
0.119211
-0.374261
0.127388
0.267263
-0.374062
-0.24571
0.0243304
0.00194201
0.2119
0.501546
-0.118274
-0.153108
0.0557884
-0.050865
0.0694109
0.040258
0.0204305
0.0924923
0.0602602
-0.202233
-0.0130206
-0.546013
0.0427877
0.0522372
0.168279
-0.0777261
-0.105665
-0.0270137
-0.34148
-0.302555
-0.672798
-0.294986
-0.00696534
-0.254615
-0.156772
0.18095
0.266818
0.0431416
0.574246
0.06326
-0.320123
0.0833713
-0.142135
0.222594
0.257764
-0.186299
0.121396
0.0244992
0.355799
0.217165
0.512548
0.239856
0.0932315
0.646237
0.182634
-0.0673757
0.10037
-0.467943
-0.362934
-0.141499
-0.378957
-0.0715189
0.199292
0.0748612
-0.129926
0.103104
0.0567466
0.163716
-0.110553
0.0863979
-0.147905
0.0044095
-0.0082354
-0.159124
-0.575109
-0.168142
0.00315176
0.480558
0.310679
-0.0254685
-0.463406
-0.191236
-0.258576
-0.367119
0.494281
-0.426503
-0.0478297
-0.190249
-0.238627
0.0403567
0.104924
-0.20489
-0.0863452
0.205838
0.217485
0.0928462
-0.537109
-0.176728
0.368852
0.232896
-0.0989867
-0.200302
-0.0103334
-0.316233
-0.145057
0.376476
-0.306729
0.232154
0.0551472
0.262134
-0.0196488
-0.328949
-0.00663496
-0.177672
-0.137944
-0.469697
-0.492855
-0.57007
-0.252556
0.133618
-0.214893
-0.163567
0.275413
0.292716
-0.283988
-0.0959301
-0.397205
0.185853
0.0534918
0.0419993
0.519027
0.443276
0.296762
0.192623
-0.0320365
0.267849
-0.300506
-0.187526
-0.0974709
-0.0535351
0.146015
0.120192
-0.0960045
0.231931
-0.167327
0.0280934
-0.0530325
-0.155699
0.206429
-0.204984
-0.213157
-0.138973
-0.431454
0.174433
-0.17339
-0.269989
-0.270314
0.0108461
-0.299548
0.136182
0.134203
