-0.0464996
0.0349882
-0.342706
0.115621
-0.16895
0.692549
0.120032
-0.296394
0.123344
0.360813
0.0840525
0.176713
0.00383789
-0.183698
-0.116739
-0.179955
0.180797
0.180732
-0.528271
0.0232004
-0.024227
0.154922
0.215391
-0.00843797
-0.0966159
-0.234455
-0.111563
0.0191996
-0.0862915
0.153836
-0.0558368
0.399914
-0.0763436
-0.176827
-0.106647
-0.249629
-0.0490728
0.0377916
0.353902
0.0964626
-0.0609141
-0.364937
-0.18072
-0.0207386
0.0371484
-0.0227991
0.394818
0.39896
0.0771233
0.0528016
0.0262779
0.11111
-0.157707
0.0742648
0.0257722
0.182228
0.0336928
0.260089
0.622971
0.605332
0.00940796
0.026665
0.0829925
0.0575502
-0.156571
-0.316411
-0.425718
-0.188213
-0.453485
-0.225411
0.152824
-0.0458
-0.659651
0.299851
0.561443
-0.0111989
0.226318
0.0556867
-0.160602
0.137887
0.157459
0.229828
0.500549
0.0278285
-0.0785471
-0.0499904
0.00161285
0.143481
0.262621
-0.124692
-0.511928
-0.0905008
0.0202468
0.30183
-0.232353
-0.277015
-0.123976
-0.123955
0.0782172
0.198739
0.190759
0.426296
-0.125094
-0.0267617
-0.247238
-0.0718679
-0.473757
0.191171
-0.21281
0.252467
-0.0403515
-0.187079
0.0437689
-0.014162
0.133599
0.0918753
0.192677
0.197622
0.357928
0.115632
-0.39968
-0.146408
-0.300226
0.0681642
0.370267
0.350714
0.642965
0.270067
-0.167066
-0.18033
-0.146674
-0.0506057
-0.22943
-0.0471262
0.434858
0.0357052
0.372493
0.101043
0.391732
0.154113
-0.251108
-0.00504851
-0.195118
-0.0522571
-0.054426
0.108555
-0.202327
-0.0950265
0.408168
0.360259
0.122422
-0.02945
-0.10065
-0.391249
0.0483161
-0.409308
-0.396347
-0.152669
-0.118177
0.192139
-0.115928
-0.0140808
0.0478836
-0.0790357
0.159596
0.0860781
0.000406844
0.0803987
0.11368
0.0123171
-0.0554598
-0.1522
0.213454
0.0974393
-0.365806
-0.47035
-0.17765
-0.0432182
-0.308322
-0.282137
-0.0765301
-0.0659909
0.511661
0.312048
0.246375
0.25109
-0.459608
-0.839515
-0.822728
-0.200138
-0.130124
-0.16393
-0.421334
-0.0710493
-0.00658223
0.318228
0.346308
0.316665
0.385792
0.456877
0.168306
0.0714599
0.157896
0.100889
-0.0966276
-0.127408
-0.236359
-0.187738
0.0924069
0.361503
0.0804368
-0.0067456
-0.12084
0.215729
0.196201
0.0458474
0.13596
0.198001
0.228334
0.0831697
0.230436
0.426355
0.197004
0.355572
-0.113653
0.0256872
0.203826
0.177758
-0.139892
0.0866307
-0.394114
0.0340831
0.161517
-0.0448633
-0.151996
-0.50307
0.64845
0.291954
0.185202
0.108403
-0.130282
-0.245941
-0.176398
0.141366
0.0396103
0.341175
0.0279236
-0.489334
-0.203863
0.0537091
0.196348
0.309081
0.261762
-0.397801
-0.0473396
-0.0344028
-0.103381
0.102999
0.210455
0.0803735
0.355824
0.00110387
-0.620472
-0.22112
0.143009
0.237055
0.383274
0.0304089
0.00519079
0.17416
0.203921
0.129199
0.378583
0.200659
0.555002
0.624056
-0.432476
-0.462761
-0.00186487
-0.377082
-0.64122
-0.231255
-0.3141
-0.227219
-0.032788
-0.188106
-0.15147
-0.0217053
-0.227335
-0.0493327
0.220092
0.433459
0.319015
0.0398319
0.170536
0.0788893
-0.0177363
-0.256961
0.172044
-0.190236
0.00235431
-0.667418
-0.434603
-0.0745875
-0.212989
-0.270053
-0.363901
-0.0101903
0.623735
-0.0680015
0.83823
-0.167092
-0.49007
-0.415537
0.195462
0.228713
-0.0685337
-0.261538
0.262666
0.314268
-0.0142755
0.282507
0.272843
0.13286
-0.122991
-0.0263398
-0.112432
-0.0855841
-0.132868
0.323635
0.409317
0.0143422
-0.245258
0
0.391567
0.00428264
-0.483416
-0.049851
-0.0832316
-0.0548863
0.0809746
-0.0709664
-0.0470977
0.164746
0.18105
0.0755886
0.0424075
0.386473
0.138866
0.0906969
-0.00189487
-0.0544118
-0.746803
-0.439477
-0.381107
-0.0454969
0.139866
0.244975
0.220164
0.135685
-0.0803111
0.133489
0.0592607
0.116506
0.206231
0.00301748
0.0714707
-0.114844
-0.209466
0.1321
-0.159295
0.133274
0.0564218
0.0197006
0.0800245
0.171142
0.0705695
0.00584577
0.170256
0.173025
-0.0350038
0.425419
0.385994
-0.12152
-0.0113918
-0.141771
-0.339594
-0.501127
-0.155901
-0.258264
-0.148876
0.0346897
-0.0880779
0.061002
0.37639
0.157175
0.000592693
0.0808349
0.23028
0.49489
0.494882
0.198556
-0.22777
-0.107072
0.0354509
0.279147
0.283
-0.00422769
-0.216125
-0.0126828
-0.0998351
0.15234
0.4569
-0.0540293
0.0755925
0.2619
0.114802
0.138914
0.165293
0.279911
0.356545
-0.15049
-0.149621
-0.0952296
-0.0729168
-0.164155
0.278344
0.174884
-0.406572
-0.370992
0.493107
0.233991
-0.224987
-0.121028
0.0643741
-0.132491
-0.53642
-0.324838
-0.192608
-0.0705358
0.0716968
-0.417655
-0.216031
-0.356758
0.0554567
0.096374
0.281848
0.0915109
0.112198
0.0585777
0.352215
0.146053
-0.166108
-0.0594046
0.253743
0.567147
-0.403742
-0.316265
-0.300867
0.100919
0.176938
0.150903
0.161653
0.0448854
-0.389784
-0.201661
0.0937664
-0.155121
0.0409847
0.0995258
0.166211
0.00820946
0.034195
-0.00819558
0.00498505
-0.0138227
0.0966433
-0.177052
-0.641796
-0.221832
-0.305521
0.138877
0.653467
0.0276849
-0.110522
-0.0182381
0.242651
0.342609
0.106964
0.298247
-0.109016
0.0751726
0.110697
0.0124037
0.0948925
0.366719
0.383165
0.360745
0.0494211
-0.413538
-0.0692626
0.43292
0.420318
0.118993
-0.212088
0.464342
0.0315526
-0.404228
-0.17069
-0.0410927
0.104923
0.180681
-0.0817023
0.182398
0.2376
0.0958324
0.0662359
-0.105334
0.0671507
-0.1374
0.276365
0.418855
0.0229659
0.145113
-0.22511
-0.0753915
0.404451
0.168956
-0.234626
-0.173398
-0.0594098
-0.0298278
0.207125
0.455393
0.0275311
0.152528
-0.0494132
-0.402907
-0.00931442
-0.265304
-0.00740293
-0.132015
0.114374
-0.8489
-0.150014
0.165855
0.239378
0.275031
-0.0843051
0.0029695
-0.178897
-0.0667041
0.480482
0.309635
0.0135394
-0.306755
-0.0900001
0.269216
0.196376
-0.219137
0.103904
-0.15613
-0.241031
-0.0544743
-0.227633
-0.311968
-0.358856
-0.371703
-0.243578
-0.0742074
0.14282
0.227432
-0.0381987
-0.125691
0.0950526
0.0602236
0.149726
-0.00486185
0.137033
0.200392
0.123973
0.341671
0.295538
0.216675
0.282668
0.0175401
-0.159417
0.117049
-0.241625
-0.205332
-0.0582122
0.2695
0.111838
-0.18512
