0.0554006
0.71853
0.000296504
0.155806
-0.262747
-0.174894
0.117343
0.668086
0.0800446
0.037721
0.357681
-0.285877
-0.405336
0.172597
0.0514774
0.00888112
-0.151148
0.066746
-0.205781
0.135055
0.0977503
-0.156951
0.382346
0.623099
-0.349338
-0.61758
-0.0379077
0.12781
0.0471838
-0.625068
-0.0286994
-0.597726
-0.24803
-0.0988643
0.103741
0.050485
0.276972
-0.363803
-0.0290635
0.268997
0.375056
0.0415198
-0.0543432
0.0537163
0.187143
-0.269719
-0.0794279
-0.0350122
-0.204902
-0.0692123
0.498061
0.305289
-0.555104
0.170795
0.62773
0.0611006
-0.690104
-0.372089
0.327809
0.104058
0.392108
0.102126
0.20545
0.344044
-0.313482
-0.418669
-0.0595455
0.133677
-0.379033
-0.289894
-0.0795607
-0.466073
-0.15
-0.266848
0.125596
-0.0504167
-0.451253
-0.0782553
0.0681884
-0.0520256
0.120878
0.236886
-0.332398
-0.011184
0.0613888
0.307521
0.193399
-0.0784656
-0.00984002
0.160923
0.244889
0.491116
-0.140704
-0.200179
-0.77482
-0.0468449
0.383693
0.269595
0.268576
-0.154488
-0.709323
0.173552
0.294976
-0.0141025
0.0450959
0.0666142
-0.322492
-0.0664825
-0.261098
0.142712
0.0764374
0.16319
0.821069
0.208028
0.140985
0.053172
0.204286
-0.25671
0.423621
-0.451838
0.519974
-0.424576
0.109904
-0.172538
-0.200197
-0.0498314
0.342621
-0.20535
0.274977
-0.175403
0.0711529
-0.368912
-0.382345
-0.412055
0.29007
-0.436655
-0.115878
0.09978
0.18374
0.16166
0.169349
0.102543
-0.0395436
0.410558
0.210949
0.0713751
0.0286646
0.102999
0.468958
-0.0118941
-0.6124
0.00387102
-0.254537
0.64653
0.272765
-0.293589
-0.305328
0.100431
0.00694345
0.203355
-0.886223
0.158552
0.53186
0.0905476
0.0434013
0.0508757
-0.00760819
-0.0169362
-0.507302
-0.270413
-0.251032
0.0150823
-0.695839
-0.414688
-0.148482
-0.147548
-0.302513
0.149178
-0.0152211
-0.25998
0.244273
0.0295662
-0.170514
0.528522
-0.0496881
0.140384
0.134944
-0.114967
-0.020938
-0.0170541
0.678304
-0.29173
0.171199
0.0783778
0.335389
-0.221178
-0.159241
0.0588185
0.137549
0.190157
0.271918
0.313649
-0.194119
-0.0689497
0.0117702
0.958072
0.171229
-0.522521
-0.156946
-0.0249514
-0.335295
0.207948
-0.0403607
-0.195866
-0.47042
-0.225893
0.104265
0.599409
0.35427
-0.233563
0.155564
0.255615
-0.0516385
0.308812
0.18767
-0.249957
-0.363102
-0.113511
-0.0401604
0.455103
0.428189
-0.0206219
-0.0988923
0.00310676
0.0196542
-0.325113
-0.32528
0.203109
-0.0529228
-0.153438
0.241324
0.145685
-0.0667789
-0.387041
0.0815398
0.261932
0.309509
-0.119085
0.07772
0.077355
0.192091
-0.235772
0.154233
-0.391942
-0.0997702
-0.245788
-0.0248922
0.0615735
-0.455371
-0.0059389
-0.834556
0.31559
1.11355
-0.787027
-0.00699501
0.582426
0.224548
-0.444999
-0.281955
0.375038
-0.14216
-0.111631
0.732091
0.517633
0.228347
-0.0608573
-0.114959
0.124752
0.373261
-0.607084
-0.187155
-0.0972977
-0.527815
-0.450826
-0.170882
-0.0145559
-0.378261
-0.204931
0.217507
-0.107198
0.00225202
0.264087
-0.317105
-0.0283214
0.298823
-0.023769
0.106443
-0.152661
-0.0843332
-0.0136406
0.0914749
0.249955
-0.187391
0.0411871
0.111707
0.248967
0.18731
-0.232328
0.422224
0.275755
-0.156204
-0.102443
-0.395278
-0.202968
0.0289947
-0.44839
0.168173
0.615893
0.48635
0.538522
0.232341
-0.355295
-0.116634
-0.188692
-0.355963
0.397624
0.151472
-0.338074
0.259038
0.0562591
0.201844
0.456726
0.240073
0.213193
0.441454
0.136035
-0.00512196
0.247984
0.350947
-0.165862
-0.180074
-0.272233
-0.112923
-0.412118
-0.0476705
-0.000407923
0.0502915
-0.27968
-0.304797
-0.115212
-0.276282
0.0615363
0.193341
-0.124872
0.083329
-0.230525
0.309032
0.345095
0.00208407
0.687226
-0.128943
0.0371251
0.452538
0.362803
0.126791
-0.0234724
-0.00730111
-0.483179
-0.64585
-0.122115
0.0510513
0.240261
0.0674973
0.0588262
-0.123476
-0.165619
0.853883
0.0469409
-0.534181
0.0620645
-0.268333
0.282686
0.206779
-0.312469
-0.106512
0.292857
-0.172389
0.0040102
-0.830946
-0.0330037
-0.300843
-0.235606
-0.128148
0.56721
-0.0105392
0.302189
-0.608279
-0.290969
-0.196224
0.237194
0.22988
0.522687
0.415522
0.433623
0.507536
-0.254915
-0.111146
0.235599
-0.270735
0.301771
0.0820948
0.416223
0.303186
-0.063948
0.243192
-0.193843
0.269897
0.0839656
-0.0870625
-0.415945
-0.0196787
-0.0517184
-0.107352
-0.883612
-0.161544
-0.13484
0.168149
-0.3238
-0.0206506
0.158857
0.0743075
-0.164995
0.185263
0.516713
0.0675269
0.286762
-0.311342
-0.0114747
0.319765
-0.510201
-0.311125
-0.0863224
0.901499
0.0496709
0.0655411
-0.155721
0.389528
0.137024
0.290764
0.248451
0.0701409
-0.109135
-0.092244
0.272521
-0.0322616
-0.166197
-0.00987303
0.361036
-0.19886
0.430859
0.552087
0.258459
0.332603
0.107697
0.0220322
0.0767277
-0.25935
-0.503985
-0.24987
-0.0213672
-0.435324
-0.208122
-0.0938182
-0.308077
-0.129187
-0.0515209
-0.50495
-0.168007
0.449905
0.310275
0.0839091
0.535089
-0.0100475
-0.0254957
-0.669748
0.0889915
0.885935
0.329979
0.0813317
-0.914117
-0.73193
0.127704
0.688855
0.210137
-0.261316
0.133031
0.374742
0.0259178
0.533811
0.499383
0.225814
0.31069
0.410373
-0.0439777
-0.106478
0.0596853
-0.349149
0.0987083
-0.0756351
0.200064
-0.118626
0.0618635
-0.158519
-0.143567
0.553293
0.285641
0.337858
0.507645
0.143074
-0.179906
-0.414301
-0.209725
0.292975
0.248135
0.0848486
0.119277
-0.368727
0.0734625
0.36864
-0.228118
-0.121696
0.29322
0.342665
-0.126179
0.0270019
0.273095
-0.072878
0.245687
-0.172598
-0.125004
0.175885
-3.85549e-05
-0.159635
-0.0084178
0.447359
0.398182
0.316839
-0.242875
-0.0839361
-0.155243
0.235014
0.699344
0.273745
-0.116715
0.254467
0.372986
0.304644
-0.014155
-0.313603
-0.136153
0.0850948
-0.0323272
0.402114
0.227214
0.0701398
-0.310473
-0.182784
0.00738244
-0.263001
-0.219709
-0.116799
0.223418
-0.108024
-0.0770717
-0.192213
-0.256599
0.41498
0.393663
0.0859075
-0.355902
0.0427745
-0.0125818
-0.0376871
-0.135649
0.0932928
-0.109518
-0.197668
-0.416524
0.0511974
0.267909
-0.21167
0.128228
-0.256685
0.0110892
