-0.334001
0.343302
-0.859756
-0.0435083
-0.0287459
-0.021186
-0.286387
0
0
0
0
0
-0.0829543
0.127792
-0.174389
0.615177
0
0
-0.511787
-0.136693
-0.394448
-0.584268
0.365958
0.240121
-0.106893
-0.217809
0.355152
-0.312612
0
0
0.358568
0.493638
-0.127948
0.133204
0.0326541
0.320791
0.295525
0.187928
0.128577
0.413369
0.193858
0.0584705
0.702389
0
0
0
-0.0158511
-0.261708
0
0
0
-0.515326
0
0
0
0
0
0
0.212157
-0.495472
-0.418183
0
0
0
0
-0.0145234
0
0
-0.532181
-0.419058
-0.131344
0.0272183
-0.123098
-0.267536
-0.0495834
0
0
0.294267
-0.439822
0.154081
0.750735
-0.266834
0.101503
0.215485
-0.274445
0.107992
-0.0053271
0.160306
-0.27867
0.31846
-0.447553
-0.0852882
-0.170111
0.978715
0.289767
0.0528311
-0.141097
-0.0622391
0
0
-0.244226
0
0.00889841
-0.120089
0.074637
-0.0437821
0.389158
0.290447
0.381545
-0.235653
-0.000761679
0.23187
-0.100307
0.174445
-0.154352
-0.080777
0.241597
0.390891
-0.25716
-0.453228
-0.684787
-0.22574
-0.302395
-0.0757423
0
0
0
0
0
-0.33202
0.0267673
-0.054538
0
0
0.324712
1.08517
0.228456
-0.666348
-0.136706
0.714047
-0.139507
0.141143
-0.13218
0.217413
0.0701358
-0.284386
0.530861
-0.262156
-0.236184
-0.593374
-0.196805
0.120756
0.305061
0.0186557
-0.333466
-0.310227
0.239499
0.374748
0.237849
0.156607
0.118795
0
0
-0.403304
0.147289
0.183145
0.15208
-0.449924
-0.641686
0.029408
0.312183
0.063785
0.400207
0.274801
-0.309976
-0.142804
0.00271335
-0.0633097
-0.218515
0.0275584
-0.0622648
0.0859063
0.272584
0.328077
0.184282
-0.283822
0.143772
-0.539573
-0.237392
0.254922
0.00369048
-0.0345236
-0.0744386
0.0619735
-0.161172
-0.00492761
0.285155
0
0
0
0.188793
0.252028
-0.469608
-0.527909
-0.237587
-0.0321966
0.321329
-0.21462
0.0611525
0
0
0.387178
0.404573
-0.126882
-0.00867768
0.329907
-0.338496
-0.62067
-0.23497
-0.0595294
-0.387575
0.0843078
0.661035
-0.0827709
-0.119417
0.141901
0.140465
-0.135708
-0.234402
-0.0557611
0.496744
0
0
-0.0873113
0.11398
0.0959677
0.110103
0.0120041
-0.070448
-0.146058
0.0251367
0
0
0
0
0.121502
-0.0901542
0.192619
0.63184
0.423443
-0.48281
-0.106609
0.292928
0.518961
-0.5203
0.0328147
-0.475883
0.228194
0.131219
0.422545
0
0
0
-0.341617
0.234772
0.129427
-0.0864752
0.105423
0.107278
-0.335978
-0.33773
0.0416255
-0.673377
0.151783
0.299112
0.400918
-0.0238105
-0.119971
0.468357
-0.376571
-0.0451258
0.28083
-0.511815
0.0239006
0.312251
0.531604
0.227829
-0.163787
0.266578
-0.0512768
-0.0363007
-0.343585
-0.211953
-0.216113
-0.149329
-0.0126774
0
0
-0.623195
0.691612
0.238587
-0.122657
0.0973104
0.118524
0.832452
0.160367
-0.666759
-0.410746
0
0
0.294809
-0.0921237
0.514922
0.280797
0.017182
-0.306855
-0.295368
-0.233647
-0.557139
-0.0560242
0.296045
0.0590578
-0.0166336
0.231194
0.500694
0.274859
-0.120173
0.182443
-0.132188
-0.340393
-0.14565
0
0
0
0
-0.388528
-0.082628
0.068395
0.0996161
-0.267569
0.000625233
0.075322
-0.429389
-0.0835372
-0.483862
-0.10364
0.178926
0.658932
-0.0155153
-0.467342
-0.481772
0.436454
-0.441434
0.302238
0.588416
0.438846
-0.149625
0.482736
0.537149
0.0136137
0.782901
0
0
0
-0.0468288
0.376871
-0.450102
0
0
-0.252907
-0.604169
-0.206363
0.257596
0.324732
0.540184
0.103873
-0.117039
-0.276076
0.148284
-0.354565
-0.368632
0.800659
0.294629
0.554934
-0.251984
0
0
-0.00669319
-0.160767
-0.318959
0.206651
-0.272165
-0.612369
-0.0951331
0.778351
-0.126461
-0.00645068
-0.0295392
-0.332914
-0.0531649
0.195475
-0.106164
0.209147
-0.251781
0.00379796
0.566274
-0.0236821
0.140284
-0.499065
-0.113822
0
0
-0.848398
0.0708991
0.313638
0.192437
0.10166
0.287623
-0.275916
0.340974
0.0720463
-0.274904
0.24323
0.341092
0.238136
-0.34202
-0.17674
0.00859539
-0.348395
-0.212991
0.0515054
-0.420197
0
0
0.660988
-0.228907
-0.287812
0.484309
0.41058
0.232737
-0.347667
-0.162659
-0.37711
0.12112
0.227082
0
0
0
0.187438
0.134637
0.0650722
-0.0348394
-0.574118
0.273131
-0.317175
0.107913
-0.183776
-0.312819
-0.0278018
-0.283272
-0.363308
0.0992188
0.15512
-0.0326669
0.217662
-0.0856888
-0.257349
-0.22246
0.0984776
-0.139681
0.0710903
-0.255116
0.119705
0.497168
0.0316604
-0.066631
0.482819
-0.168082
0.0475656
0.130088
-0.276701
-0.110766
0.042364
0.00038358
0.0237862
-0.399479
0.103364
0.442451
0.144539
-0.330618
0.137974
0.0887342
-0.0839201
0.548195
0.275415
0.12413
0.405614
0.0962064
0.381227
0.082938
0.750315
0
0
0
-0.235281
0.605923
-0.0356631
-0.227967
-0.296372
-0.452368
0
0
0.0235076
0.0711495
-0.034617
0.295033
0.0452052
0.127456
0.221733
0.00396513
-0.58635
-0.335502
0.112607
0.138179
0
0
0.397362
-0.53995
0.229741
0.0771332
0
0
0.383396
-0.0301239
-0.0602378
0.0150083
0.349737
0
0
0.0363896
-0.22574
-0.221834
0.0176048
-0.00807348
-0.321231
-0.512626
0.160973
-0.0703115
0.334828
0.494985
0.46619
-0.245331
-0.658297
-0.0150992
-0.0172213
-0.615535
-0.335202
0.104444
-0.101377
-0.0531423
-0.0288925
-0.0899168
-0.297073
0
0
-0.492658
0.185187
-0.163847
0.414251
0.102813
0.210908
0.799223
0.0169178
0.00293399
-0.341183
0.020836
-0.215276
-0.344349
-0.116589
0
0
0
-0.119351
-0.0437792
-0.338015
-0.574228
-0.173183
-0.435582
0.0151111
0.216164
0.122872
0.367026
0.31425
-0.063512
