0.247937
0.16457
-0.048518
-0.230169
-0.225058
-0.100482
-0.206935
-0.083811
-0.122957
0.0666263
0.196751
0.464492
-0.032232
0.152346
0.0407862
-0.227964
0.196483
-0.0488463
-0.0608064
0.0776392
0.0895493
0.168317
0.576665
-0.0801624
-0.216699
0.130028
0.129342
-0.098279
-0.0642221
-0.226338
0.0359091
-0.128351
-0.0342473
0.291654
0.316194
-0.102384
-0.0982748
0.130983
0.294411
0.244995
0.374941
0.394998
0.189464
0.189293
-0.331207
0
0
-0.0436586
0.089512
-0.291876
-0.259402
-0.213006
0.0852522
-0.0114653
-0.512977
-0.182423
-0.437083
0.206686
0.141103
-0.0767948
-0.213229
0.0418433
0.154515
-0.160873
0.0129377
-0.117034
-0.320234
0.180975
0.0400421
-0.209045
0.0106448
-0.258763
0.0141066
0.16092
0.11028
0.0500135
0.0908746
-0.200305
-0.270042
-0.0252758
0.0661372
-0.0324497
0.199977
-0.0630756
-0.0519561
-0.0344834
-0.491613
-0.285407
0.564817
0.0429656
-0.16166
-0.322903
0.0446257
-0.231763
-0.131139
0.0251788
0.534413
0
0
0.58367
0
-0.522261
-0.476524
0.0875095
0.220359
0.0931157
0.145336
0.354164
0.216849
0.0943252
0.200278
-0.255885
0.332272
0.494248
0.276781
0.0588537
0.221907
0.106006
0.0479465
-0.0210291
0.166362
0.0680133
-0.0666851
-0.156482
0.233175
0.250535
-0.00316885
0.0336298
0.0577726
-0.114774
-0.258241
-0.0915278
0.0504135
0.218886
-0.341837
-0.12859
-0.34004
0.0271541
0.161448
-0.188429
0.158734
0.2136
-0.0788909
0.100729
0.0862451
-0.276963
0.0647449
0.378754
0.409744
0.20199
-0.362076
-0.125334
0.134426
0.0617419
-0.00854869
-0.0532981
-0.135451
-0.188288
-0.302503
0.0985368
-0.176059
-0.0562371
-0.056883
0.107931
0.1822
-0.205628
-0.0377774
0.235812
-0.196751
-0.0610397
-0.26333
0.337307
0.0677343
-0.0116922
0.0310572
0.0131309
0.10011
0.0346205
-0.258889
0.0357861
0.339488
0.00108081
-0.130443
0.111894
-0.105841
-0.138498
0.278952
0.0551002
0.065511
-0.231512
-0.0399829
-0.0796913
-0.306215
-0.139299
-0.0065446
-0.037248
-0.0114498
-0.0223133
0.246731
0.0706058
0.225742
-0.132835
-0.586209
-0.23328
0.255704
0.126145
0.0865033
0.00767287
0.0335666
-0.0161374
-0.0826481
0.143115
0.28633
0.0442962
-0.0627273
0.143235
-0.256491
-0.134575
0.266501
0.489323
-0.172882
-0.0349582
0.0680525
0.300755
0.430062
0.0637197
-0.286622
-0.290948
-0.114542
-0.12188
-0.0422848
-0.221567
-0.0200358
0.226786
0.256323
0.32275
0.495796
0.175652
0.230752
-0.111053
-0.128454
-0.183353
-0.0426552
-0.139225
0.0576081
-0.0669637
-0.282501
-0.151681
-0.0366916
-0.203721
-0.202809
-0.4572
-0.144013
-0.0280661
-0.119638
-0.216796
-0.135605
-0.0708461
0.115823
0.266855
0.506092
0.0445613
0.196562
-0.425635
0.124477
0.157731
0.0189196
-0.0596735
-0.229447
-0.255904
-0.16903
-0.249863
-0.114535
-0.0418524
-0.6006
0.261535
0.237843
0.160701
0.0687995
0.0266103
0.264079
-0.116555
-0.307548
0.0531596
0.509248
0.16867
-0.201135
-0.0282109
-0.080481
0.226596
-0.142344
-0.169409
-0.260373
0.0219315
-0.0981532
0.31891
0.217123
0.0464989
-0.212132
-0.303675
-0.169046
-0.0622348
0.0470956
0.136287
0.0442468
-0.138089
-0.0583792
-0.105219
-0.353348
-0.0431243
0.409219
-0.224437
-0.351521
0.239504
0.246442
-0.150987
0.0231358
-0.220175
-0.404862
0.0110635
-0.196172
-0.14428
0.0455943
-0.244192
-0.297037
0
0
0.228525
0.126625
0.0621219
-0.315589
-0.153988
0.180075
0.0455998
-0.099299
0.096737
-0.0174877
-0.0849968
0.11407
-0.00179038
0.172903
0.100715
-0.257904
0.0532127
-0.197965
-0.536005
-0.0445851
0.438288
0.152982
0.207195
-0.103222
-0.320148
-0.244823
-0.100395
-0.0480146
0.225316
0.423266
0.195496
-0.00989829
-0.163132
0.229704
0.152747
-0.0895798
0.0504516
0.0803605
-0.0143076
-0.343065
-0.521294
-0.286127
-0.24009
0.167321
0.0652973
0.0728574
0.279681
-0.233382
-0.234606
-0.207786
0.297076
0.499912
0.125973
0.270916
0.0524306
-0.0591005
-0.0926448
0.168188
0.272896
0
-0.073912
-0.11361
-0.0204023
0.264649
-0.00158035
0.338527
0.204786
-0.273494
0.0483504
0.112086
0.0405773
-0.0259095
0.290091
0.485601
-0.0795567
-0.165229
-0.0020617
0.0605841
-0.142087
0.104196
0.132912
0.0746826
0.0649431
-0.129253
0.0380591
-0.162478
-0.0299781
0.103924
0.0945396
0.0658544
-0.0824244
0.0166263
0.294886
0.219915
0.0430616
0.0788646
-0.144123
-0.626234
-0.172013
-0.0878751
-0.15123
-0.197346
-0.13783
-0.0194729
-0.39197
-0.0412034
0.389473
0.398686
-0.427439
0.0690286
0.257625
-0.0483243
-0.179237
-0.212838
-0.384993
-0.165687
-0.131447
-0.164263
-0.1727
-0.101158
0.204251
0.107625
-0.30116
-0.647056
-0.111314
-0.204064
0.0995534
0.350114
0.216088
0.345751
-0.020369
-0.24202
0.214246
0.163308
-0.258236
0.0104095
0.114598
-0.103261
-0.343978
-0.0930834
0.105526
-0.0940025
-0.040218
0.20111
-0.451597
-0.115862
-0.0726256
-0.084109
0.180719
0.126638
0.13917
0.0867192
-0.163221
-0.170202
-0.219084
-0.293079
-0.0727508
0.0368152
0.225111
-0.22552
-0.145121
-0.0723659
-0.278962
-0.0846029
0.132584
0.412983
0.283463
-0.12012
-0.0316166
0.0528573
0.000605876
0.0789595
0.0657926
-0.131046
-0.399367
-0.258086
0.0205939
-0.0598977
0.116903
-0.0544397
-0.26241
0.122054
-0.126178
0.143928
-0.0634042
0.0401044
0.121382
0.126268
0.353697
0.525003
-0.0897993
-0.0904999
-0.434001
-0.590012
-0.0905237
0.0723557
0.416503
0.261776
0.196874
-0.0396479
0.0284224
0.21932
-0.00252825
-0.334464
-0.0339637
0.255717
0.523356
0.0108426
-0.00278855
0.223582
0.104888
0.548959
0.116857
0.0322612
-0.216993
0.0970617
0.270404
0.0784898
0.0512174
-0.0824213
-0.0413209
0.334695
-0.112627
-0.0086665
0.369989
0.210344
-0.137504
-0.0209525
-0.312861
-0.381737
0.0251821
0.27696
0.00652215
-0.0241288
0.163759
-0.235806
-0.192774
0.320396
0.274307
0.223909
0.204619
-0.0792011
0.11854
0.097574
-0.180542
0.0519494
0.0807838
0.0189255
-0.116555
-0.0433074
-0.0991225
-0.117372
0.118868
0.278906
0.190941
0.0537622
0.335209
0.226278
-0.0352051
-0.0961123
-0.0901834
-0.49931
-0.0143296
-0.268013
0.221205
0.499174
0
