0.197682
0.206125
-0.137437
0.242268
-0.497544
-0.467674
0.18191
0.283035
-0.0778461
-0.162944
0.280683
0.214782
-0.0916114
-0.162361
0.332143
-0.203089
0.313682
0.173628
-0.0809541
0.124198
0.304339
0.0689436
-0.170824
0.106923
-0.500682
0.156862
0.229607
-0.581846
-0.436553
-0.192776
0.525621
0
0
0.600048
0.136558
-0.0351444
-0.0745128
-0.136924
0.0579889
0.0978508
1.07496
0.602223
0.0851713
-0.361118
-0.113348
-0.0272135
-0.233035
-0.444066
0.403343
0.128971
-0.0743281
-0.0599779
0.384937
0.149399
-0.0235112
-0.255738
0.221878
0.0537727
0.0990077
-0.00830033
0.119923
0.00934152
-0.273895
-0.1624
0.0162192
-0.236806
-0.6453
-0.247202
-0.170508
-0.109764
0.0303177
0.208946
-0.0482554
0.294649
0.229673
0.19111
-0.152641
-0.0848737
-0.0482262
-0.00618607
-0.101775
0.290152
0.134612
0.0673185
-0.356292
0.403661
0.303751
0.133311
-0.457697
-0.700692
0.304986
0.248818
0.111447
0
0
0.713674
-0.304748
-0.025632
0.263517
0.0559223
-0.184171
0.0676079
0.554392
-0.0445861
0.178044
-0.178574
-0.135223
0.0220736
-0.0508073
0.130612
-0.359272
-0.00204836
0.137224
-0.470937
-0.100798
0.138817
-0.311613
0.189207
0.270754
-0.293447
0.15331
0.158307
-0.433343
-0.160832
0.287913
0.0735713
-0.216608
-0.0690463
-0.182087
0
0
0
-0.434492
0.0555098
0.115874
0.232969
0.291207
0.152956
-0.0616113
-0.157844
-0.224964
0.231483
0.147337
-0.465439
-0.525791
0.57819
0.215856
-0.351073
-0.0654208
-0.136486
-0.0881961
0.179484
0.0785689
0.0753784
-0.201742
-0.0217339
-0.205523
-0.770887
-0.107155
-0.208992
-0.0203093
0.266423
0.374473
0.26364
0.0165506
0.456072
-0.123963
-0.281776
-0.490631
-0.276913
-0.223003
0.342837
0.0453957
0.0657604
-0.107277
-0.341119
-0.24949
0.0349591
-0.379314
0.647048
-0.179513
0.451657
0.129868
0.260482
0.0836723
-0.0543107
0.226743
0.405821
0.00644904
-0.28224
-0.290197
0.283897
0.366464
0.0320569
0.186997
0.0843764
-0.0479557
0.258493
-0.253056
-0.635845
0.0210943
-0.00715117
0.277341
0.135853
-0.224667
-0.171171
-0.188217
0.213028
0.386029
-0.242581
0.170711
0.275366
0.0102912
-0.0800927
0.160272
0.45899
-0.18706
-0.432475
0.0579896
0.214554
0.578657
0.12131
0.147131
0.0846671
-0.339921
-0.0529788
-0.103731
-0.153552
0.0466855
-0.201087
0.0378258
-0.553425
-0.504181
-0.270884
-0.129087
-0.451795
-0.219816
-0.281865
0.185066
-0.059319
0.477323
0.173226
-0.2155
0.271905
0.302565
-0.226845
-0.316449
-0.540466
-0.144745
0.0603386
-0.711592
0
-0.105114
-0.0895135
-0.0903185
-0.13838
-0.144165
-0.365933
-0.168887
-0.0288414
0.129598
0.106525
-0.253688
0.186994
0.0188159
0.138789
0.0784771
0.32588
0.208251
0.157023
-0.438018
-0.517492
-0.286195
-0.133144
-0.193141
-0.278643
-0.627165
0.168997
-0.0381768
-0.107083
0.132318
-0.057573
0.107039
0.110075
0.029403
0.57379
0.538273
0.120018
0.412492
0
0
0
-0.0413119
0.0520114
-0.0641745
0
-0.51802
0.494706
0.011519
-0.120083
-0.166082
0.425221
-0.389327
0.278452
0.274548
-0.0230563
-0.155824
-0.139175
-0.421304
0.197186
0.367925
0.497271
0
0
-0.34541
-0.551442
-0.623369
-0.719338
0.408498
0.225361
-0.00876882
0.0246004
-0.660454
0.263119
0.336259
0.150873
-0.0991461
0.0877586
0.147546
0.363865
0.0494574
-0.0630291
0.148015
0.293013
0.190259
0.0618465
0
0
0.508834
0.109273
-0.241468
0.0951117
0.0348744
-0.112794
0.142965
-0.0623476
0.240212
-0.183625
0.127803
-0.0672046
-0.270914
0.0198808
0.0112134
0.274452
0.14215
-0.322036
-0.105618
-0.329003
-0.104594
0.157889
-0.28202
0
0
0.464493
0.0965104
0.0760036
0.229846
-0.353264
0.0961461
-0.355371
-0.171124
-0.275367
-0.174879
0.599699
0.432564
0
-0.0611317
-0.174724
-0.0852193
0.52516
-0.121229
-0.248133
-0.169805
-0.358627
0.103673
-0.25078
0.0420501
-0.537148
0.149544
0.0426561
0.12851
0.21446
-0.0658363
-0.302152
0.108617
0.184904
0.253934
0.314293
0.366227
-0.196619
-0.0397161
0.48656
-0.163681
0.137123
0.141092
-0.0273376
0.164222
-0.458358
0.213569
0.143299
0.028028
0.108894
-0.10725
-0.400618
-0.00800775
-0.0496223
0.108878
0.246727
-0.506859
-0.288826
-0.239917
-0.459876
-0.0486114
0.04271
-0.0884079
0.151599
0.162636
0.130706
0.148053
-0.108675
0.103062
-0.153544
0.189601
0.297407
-0.356104
0.131354
-0.0103374
-0.186683
-0.00200413
0.346117
0.0602202
0.150265
-0.0873502
-0.0977113
0.206612
0.187493
0.179043
-0.300542
0.0334374
0.0162319
-0.0783619
0.0720317
0.00855583
0.250605
0.00829016
0.0103239
-0.0982661
-0.265758
-0.171381
0.81817
0.634266
0.782509
-0.504093
-0.330069
-0.145856
-0.290962
0.0503778
-0.0631091
-0.0851701
0.0231822
0.0847878
0.0507795
0.0717323
0.317031
0.139807
0.0632758
0.0352507
-0.213711
-0.191236
-0.033915
-0.0109588
-0.127208
-0.0025248
-0.00680268
-0.200556
-0.0653491
0.0361167
-0.423784
-0.153397
-1.25384
0.353087
0.34247
-0.449632
-0.0571429
0.31636
0.951475
0.6903
0.344805
-0.0328574
0.0568065
0.128099
-0.200758
0.0427794
0.264557
-0.0759726
0.230884
0.326611
-0.194527
-0.283297
0.130184
-0.0396423
0.0190402
-0.272694
0.360047
0.117961
0.566427
0.507521
-0.0761287
0.468071
-0.202585
-0.456793
0.00175197
-0.415726
-0.0547553
-0.0648429
-0.199309
-0.00555642
0.164488
-0.348614
0.21683
0.356291
0.417281
-0.0868263
0.0137127
0.360729
0.0534227
-0.532396
-0.201812
0.103604
0.240039
-0.0175918
0.0117043
0.290377
0.324841
0.138388
-0.202266
-0.56062
0.44973
0.325164
0.484254
0.597047
0.074784
0.0443462
-0.0340009
-0.501801
-0.183227
0.00273072
0.0479106
0.00547749
0.137113
0.482816
0.493773
0.122101
0.268609
0.272793
-0.42969
-0.441842
0.132173
0.225397
0.420387
-0.00674714
-0.278544
-0.208169
0.103537
0.236387
-0.196475
-0.00365739
0.15617
-0.121409
-0.081922
-0.416407
-0.107307
-0.0407417
-0.127338
-0.214292
-0.493706
-0.075262
-0.0935196
0.125161
-0.0487353
-0.386286
0.159504
0.473779
0.0469534
