0.00539941
0
0
-0.223593
0.157473
0.0145778
0.18255
0.281065
-0.346136
-0.126669
-0.151871
-0.0128096
-0.132013
0.395848
-0.0414889
0.093415
0.308973
0.0221752
0.327051
-0.252705
-0.168115
0.138233
0.157002
-0.320878
-0.182553
-0.113273
-0.0585386
-0.268977
-0.464752
-0.254527
-0.0978676
-0.315269
-0.0508744
0.117666
0.0096019
-0.138153
0.453224
0.209406
-0.106269
-0.0923475
0.0453083
0.0289877
-0.0812302
-0.259956
-0.123192
-0.145526
0.05772
-0.240328
-0.00495427
0.327739
-0.0397554
-0.165557
0.136106
-0.041406
-0.159722
0.146879
0.032606
-0.384856
-0.807396
-0.208953
0.422235
0.18643
0.131478
0.139033
-0.448815
-0.060729
0.0131317
0.318187
-0.399912
0.342232
0.285185
0.177429
-0.662848
-0.300067
0.336774
0.579228
-0.269648
0.130206
-0.205797
0.00753817
0.189759
0.194389
0.139515
-0.531199
-0.00424077
0.0740537
0.0837261
0.100729
-0.0358487
0.687699
0.29493
0.21311
-0.059763
-0.402148
-0.298999
-0.322749
0.0631504
0.0720662
0.0334021
0.273228
0.179141
-0.0043433
0.241033
0.254374
0.26158
-0.304391
-0.0259779
-0.107197
0.239929
-0.0184075
0.0962481
-0.249017
-0.114154
0.422752
0.291152
-0.450202
-0.065808
0.243942
0.176902
0.010914
-0.222931
-0.157081
0.395432
0.200306
-0.552416
0.0417029
0.143174
0.490203
0.318688
0.0716019
0.00793256
0.0577356
-0.283518
0.0336243
-0.0154671
-0.156766
0.363302
-0.0555808
-0.364694
0.0546857
0.30473
0.322939
-0.414079
-0.189698
-0.313787
-0.146723
0.0083526
0.153175
0.0796835
-0.208677
0
0
-0.762589
-0.026185
0.4544
0.148171
0.0410965
0.100289
-0.173361
-0.549869
0.0418943
0.419014
0.281761
0.198467
-0.162901
-0.193207
0.409779
-0.0931769
-0.376615
-0.122481
-0.005245
0.631644
0.403384
-0.0761522
0.202197
-0.0512751
-0.0311028
0.289669
0.158364
0.437238
-0.102163
-0.178636
0.166728
-0.554606
0
0
-0.292304
0.109884
0.0456378
0.557662
0.438502
-0.0865685
0
0
0.298926
-0.168624
-0.313121
0.205921
-0.099166
0.268597
0
-0.225764
-0.275837
-0.277232
-0.463493
-0.341369
-0.154686
-0.501854
-0.352868
0.218617
0.0878151
0.571839
0.287523
0.0679814
0.00463058
-0.279061
-0.0915955
0.460461
0.622763
0.213433
-0.038954
0.030345
-0.205221
0.183919
-0.0928995
0.188583
-0.224466
-0.134971
-0.281742
-0.477248
-0.0715474
0.0956434
-0.109376
0.34689
0.434566
-0.118088
-0.00249748
0.0516173
0.264255
0.303948
0.0215043
0.241248
0.30837
0.241359
-0.0603491
-0.648935
-0.0941088
-0.408561
0.00962944
-0.501199
0.247704
0.565187
-0.275508
-0.742392
0
0
-0.598325
-0.318565
0.363927
0.0989543
-0.0496385
0.0779487
0.270289
0.424587
0.190845
-0.189864
0.119188
0.219212
-0.0762243
-0.348883
-0.209856
0.0491168
0.0225178
-0.285691
-0.322079
-0.322682
-0.137004
0.124131
-0.148166
0.576862
0.568383
-0.127302
-0.108766
0.324596
-0.366752
-0.116949
0.00355959
-0.415298
0.0207497
-0.572109
-0.353371
0.20628
0.0315004
-0.184632
0.0717554
-0.00671379
0.492684
-0.172034
-0.275829
-0.675601
-0.0711894
0.236167
0.327689
-0.087844
0.451165
0.332835
0.139017
0.0592111
0.55093
0.46393
-0.00362754
-0.254642
-0.621577
-0.104137
0.169036
0
0
0.210831
0.177448
0.0776252
-0.0794451
0.0231322
-0.0674336
0.0415744
0.0907574
-0.356942
0.129288
-0.313841
0.0147591
-0.147184
0.198232
0.150987
0.0292215
0.250482
0.063162
0.576986
-0.193973
-0.06673
0.424333
0.0993239
-0.474056
-0.118487
-0.337665
0.0314373
-0.0267484
-0.174487
0.0526871
-0.102606
-0.0220454
-0.278678
0.100681
0.427517
0.394979
0.0205344
0.312228
0.341331
-0.356672
-0.402393
0.0182886
-0.260053
0.350715
-0.365316
-0.51434
-0.265621
0
0
0
0
0.0130632
0.182848
-0.38603
-0.284016
0.0928705
0.194028
-0.264581
-0.166469
-0.0273293
0.0249053
0.49619
0.256753
0.460326
0.48867
0.0802393
-0.178135
0.0324971
0.317098
0.175309
0.183428
0.24372
0.12986
-0.332564
-0.119997
0.0611211
-0.0658049
0.379902
0.244993
0.144019
0.0234372
-0.123514
-0.189213
-0.0717462
-0.129798
0.256274
-0.101786
0.121557
-0.33575
0.0364626
0.1214
-0.279858
-0.358106
-0.057684
0.0697267
-0.404875
0.0816408
0.0691572
0.209327
0.23857
0.147318
-0.208203
-0.237968
0.0457485
-0.0725727
-0.260188
-0.0496284
0.0373397
0.454865
0.244729
-0.136331
0.0499813
0.366014
-0.357198
-0.0776339
-0.275709
-0.235546
0.0412033
-0.317348
0.0647523
-0.0856002
0.0267318
0.541147
0.344302
0
0
-0.0315556
0.0967576
0.277266
-0.0982319
-0.641206
-0.0827421
0.163593
0.281875
0.168427
0.0895796
-0.593497
0.0695697
0.316862
-0.0280197
0.000393478
0.0797821
-0.0753023
0.0213879
-0.394428
-0.200915
0.194567
-0.175676
0.0726333
0.203509
0.0240005
0.113238
-0.179792
0.231159
-0.637488
-0.391639
-0.138239
-0.111859
0.0164199
0.182935
0.380498
-0.124424
-0.0624474
0.544887
0.67809
0.612141
0.130971
-0.487463
-0.317733
0.0966913
0.425753
0.278728
-0.272706
-0.000698889
-0.349095
0.0100071
0.0293668
-0.126615
-0.0841587
0
0
0.103383
-0.00241156
-0.203287
0.0731554
0.392081
-0.0186591
-0.0503345
-0.447161
-0.24858
0.310018
-0.12564
-0.138864
-0.276564
-0.125608
-0.0411613
0.0471482
-0.186756
-0.0922701
0.249151
0.508067
0.0327465
0.173969
-0.167199
-0.0578912
-0.611202
-0.395326
-0.306185
-0.123985
-0.145671
-0.0964958
-0.463969
0.3068
0.588689
0.143469
0
0
0
0.0604381
0.578033
0.600713
-0.332476
0.277667
0
0
0
-0.0319104
0.125258
-0.115274
-0.330715
0.140851
0.186563
0.15651
0.212543
0.157518
0
0
-0.132435
0.500362
0.607543
0.699567
-0.0332914
-0.471149
-0.017209
0.0876699
-0.163171
0.345369
0.15048
0.0369797
-0.113165
0.0653981
0.342327
-0.0872369
0.144581
0.0301852
0.0737056
0.374044
0.0408992
-0.105675
-0.0564262
0.413958
-0.672826
0.475175
-0.333761
-0.216356
-0.0923092
-0.0261496
-0.213752
-0.0899256
0.5753
-0.229637
0.310957
-0.278263
-0.141874
0.0151957
0.400013
0.00231284
