0.108944
-0.159538
-0.0538914
0.358121
0.213423
0.0730418
0.19374
-0.0719295
0.042121
0.415346
0.218694
0.15089
0.270782
-0.0561166
-0.0350957
-0.197136
-0.0327483
0.0825438
0.514839
-0.534576
-1.15327
-0.472567
-0.089831
-0.736922
-0.882787
-0.675169
-0.254972
0.460108
0.231809
-0.0543682
0.381744
-0.0322595
0.142215
-0.143344
0.403861
-0.0152092
-0.19362
-0.00815828
0.0297539
0.278006
-0.147786
0.103958
0.111731
-0.1727
0.169381
-0.218885
-0.181614
0.2259
0.377563
0.296851
0.175736
0.395037
-0.362759
-0.447623
-0.555799
0.0412494
-0.0753248
-0.186411
-0.364923
1.0321
0.0965829
-0.132715
-0.346037
-0.050486
0.0059338
0
0
-0.326847
-0.446163
-0.440513
-0.103027
-0.164632
-0.322335
0.00737594
0.193407
0.300122
0.101171
0.382478
-0.0948869
0.140875
0.123251
0.19148
0.335652
0.067285
0.128484
0.074247
0.239007
-0.235177
-0.036648
0.197074
-0.181158
0.0493409
-0.0400439
0.230425
-0.141372
-0.277557
0.00777022
-0.0891013
-0.196389
0.819754
0.720921
-0.0411914
-0.342297
-0.0913567
0.0210542
-0.10024
0.10399
-0.130082
-0.115285
-0.0761779
-0.368748
-0.346168
-0.314446
0.657927
0.755676
0.00292519
0.346938
0.322809
0.503141
0.202853
0.0124728
-0.239582
-0.302113
0.0878893
-0.00886379
-0.125838
-0.069246
-0.195297
0.145955
0.49047
0.084464
0.225981
0.191209
0.092582
0.121202
-0.290782
0.53233
0.113736
0.4191
0.0887198
-0.44258
-0.466665
-0.247752
-0.260176
0.134673
0.276645
0.0877363
0.0772161
0.413377
0.285881
0.280952
-0.0990873
0.135629
-0.053302
0.300734
0.1772
-0.160905
-0.228337
-0.357729
-0.334924
-0.384154
0.0176711
0.0203647
0.00235239
0.345577
-0.262269
-0.319552
-0.371463
-0.213814
-0.284476
-0.339391
0.249431
-0.0950865
0.0472117
-0.242601
-0.183056
0.0507353
0.187651
0.0963225
0.0880814
0.115068
-0.0683163
0.231371
-0.701608
0.543855
-0.173834
-0.207901
-0.126526
0.767135
0.642797
-0.0967162
-0.0198601
0.0326081
-0.134627
-0.107904
0.283596
0.053829
0.16111
0.417966
0
0.00516379
-0.170404
-0.312319
-0.18048
0.242247
0.105454
-0.344493
0.133774
0.453442
-0.113049
-0.301359
-0.140786
0.378669
0.227609
-0.319818
0.214069
0.481876
-0.152717
-0.308006
-0.13535
0.623019
0.299327
0.115372
0.0408105
0.581999
0.35314
0.138203
0.0992657
-0.0588261
-0.338656
0.0759725
0.563157
0.0835231
0.274647
0.123633
-0.0271894
-0.22358
-0.280623
-0.0473832
-0.52095
-0.132652
0.242545
0
-0.511142
-0.331568
0.286382
0.182648
-0.0377084
0.190688
0.0509508
-0.130951
0.492771
-0.239674
-0.392913
-0.312745
-0.008035
-0.055399
0.496288
0.640868
0.423014
-0.226669
0.0125775
-0.0871946
0.00517418
-0.447415
0.433766
0.50906
0.187814
0.485943
0.217925
-0.237444
-0.212991
0.232171
0.1472
0.398556
-0.0714289
-0.124594
0.035239
-0.0375637
-0.163667
0.195198
-0.153428
-0.0869956
0.0249596
-0.160073
-0.0867571
0.139734
-0.0439327
-0.312194
-0.0636323
-0.0747525
0.220015
0.39184
0.0445968
0.358216
-0.195005
0.421782
-0.175702
0.0305379
0.0700401
-0.365485
-0.0989806
-0.0694711
-0.178128
-0.0601038
-0.245205
-0.434146
0.039291
0.346683
0.408157
0.500526
-0.0556252
-0.00231194
0.305233
0
0
-0.550209
0.532859
0.203756
0.269247
0.11631
0.239101
0.106939
-0.200975
-0.13175
0.145731
0.489569
0.0601418
0.403539
0.257665
-0.10771
0.0224709
0.424589
0.160736
0.082409
-0.0915477
-0.491824
-0.359531
0.667124
0.554452
0.195145
0.106927
-0.0454843
-0.058155
0.20169
0.365806
0.0623836
-0.238842
0.0154342
-0.201415
0.227663
0.0593902
-0.0846055
-0.0852287
0.289897
0.323117
0.133195
0.151621
0.217048
-0.177999
-0.0539706
-0.153481
-0.286217
-0.199475
-0.0805611
0.0427819
0.0320065
-0.0811542
0.712198
0.0979484
0.0140169
-0.467974
-0.418655
0.0541242
-0.0403575
0.215046
-0.0251464
-0.0188324
-0.231773
0.0284396
0.0503322
0.0542361
-0.161039
0.0156309
-0.10633
-0.150218
-0.195336
0.277206
-0.344417
-0.103095
-0.145319
-0.174275
-0.19885
0.344648
0.340444
0.471754
0.363866
0.160366
0.148976
0.610568
0.248663
-0.0209906
-0.0362526
-0.156024
-0.180516
-0.312704
0.0378791
0.109795
0.0189263
-0.0944605
-0.681242
-0.130335
0.125773
0.724788
0.138044
0.0378359
-0.222225
-0.139344
0.0450818
0.359947
0.136558
0.0878384
-0.00313535
-0.171971
-0.204591
0.0111131
0.387338
0.397038
-0.0119659
0.221445
-0.0839797
-0.186439
0.0905613
0.529393
0.181247
0.042736
0.0878073
-0.0805947
-0.260836
0.0975331
0.391598
0.447464
0.736193
0.21803
-0.235232
-0.0776348
0.0892636
0.455684
-0.111868
-0.465492
-0.103908
-0.0250427
-0.0658957
0.0989289
0.187756
0.185862
0.250439
0.0197362
0.0524613
0.241162
0.0650392
-0.00231155
0.169898
0.24593
0.0922035
0.155034
0.173737
-0.0396227
0.0257898
0.257101
-0.0608259
-0.257166
-0.0861015
-0.311963
-0.156615
-0.206542
-0.474133
-0.168237
0.240714
0.227557
-0.101255
-0.0995197
-0.282221
-0.0909553
0.292161
0.355308
0.510923
-0.0633589
-0.00930451
0.00934702
-0.179882
-0.17101
-0.131625
-0.284703
-0.548711
-0.59188
0.118064
0.342532
0.16484
0.326179
0.0833448
0
0
0.122787
0.313402
0.155265
0.305226
0.0524884
0.118261
0.419965
0.455994
0.0942865
0.611104
-0.0177772
0
0.183937
0.584565
0.205582
0.202095
-0.0379002
-0.806759
-0.243347
0
0
0
-0.0273454
-0.168016
0.667566
1.3107
0.707687
-0.234479
-0.0209607
0.329612
0.134736
-0.267891
-0.4904
0.160695
0.044039
0.0079855
0.108051
0.473926
-0.0463544
-0.233618
-0.512865
-0.204291
0.0168015
0.0263449
-0.429391
-0.526088
-0.477716
0.183914
-0.00262088
-0.180623
0.215833
0.178187
0.072333
0.0750443
0.229706
0.520331
-0.483983
-0.106265
-0.136309
0.132983
-0.071803
-0.0376225
0.241748
0.0627784
0.0234901
0.0230669
0.131414
0.00343594
0.0855607
-0.136113
-0.215266
-0.654767
0.156736
0.440894
0.211884
0.365454
0.41546
0.289053
-0.40754
0.113326
0.0344234
0.388057
0.297077
0.125924
0.353553
0.0564818
-0.00548334
-0.240407
-0.0492079
0.247087
0.271139
