0.414294
0.301011
-0.12229
0.208604
-0.170775
0.000110407
0.280292
0.0245268
0.221179
0.0511608
0.0135755
-0.549648
-0.394338
-0.261981
-0.318689
0.184238
0.061513
0.343807
0.304817
-0.319297
-0.359049
-0.05704
0.232745
0.470344
0.253517
0.358261
-0.229692
-0.319641
0.0577337
0.0187451
0.25386
0.24105
0.229287
0.0551894
-0.265941
0.561921
0.516884
0.00316788
-0.0257999
0.0786941
0.2183
0.298366
-0.302105
-0.159634
0.151093
0.443114
0.235313
-0.204438
-0.0320137
-0.257336
-0.0571794
0.218893
0.0367796
-0.337495
0.338001
0.89095
-0.0341277
0.188584
0.116071
-0.0626922
-0.0328152
-0.139368
-0.261484
-0.117486
-0.331254
-0.219876
-0.286216
-0.0261471
0.0480676
0.262198
0.0788217
-0.211733
0.212458
0.164018
0.207179
0.134455
-0.270586
-0.213652
0.0284615
0.271165
0.223352
0.0605339
-0.0588892
-0.493057
-0.275266
-0.213411
-0.289989
-0.0353339
0.03185
-0.093474
-0.242232
-0.432024
-0.231533
-0.151245
0.0179931
0.153392
0.172353
-0.119061
-0.238007
-0.0171163
0
-0.235578
0.113793
0.0833667
-0.0192257
-0.020614
-0.0496461
-0.287458
-0.532777
0
0
0.142893
-0.276712
-0.411114
0.0456222
0.0294014
-0.504479
-0.14159
-0.158599
-0.0464895
-0.48745
-0.407162
-0.426247
-0.0786071
0.371577
-0.0645274
0.237017
0.223737
-0.0343263
-0.0109679
0.0146893
-0.0733032
-0.452507
-0.460295
0
0.557879
-0.161359
0.0603118
0.100997
0.128124
0.459284
0.472388
0.103236
-0.22153
0.252448
0.364707
-0.0907631
0.142163
0.251821
0.166737
-0.0477061
-0.127173
-0.00411872
0.453782
-0.153758
-0.684673
-0.0422661
0.0828178
-0.091957
0
0
0
0
0
0.294241
0.114646
0.168434
0.154841
-0.107875
-0.36802
-0.214297
-0.0686158
-0.16674
-0.0544696
0.125927
-0.0229947
-0.121626
0.0120954
0.311441
-0.110787
-0.101769
0.21309
0.10181
0.249954
0.112842
-0.346861
0.468569
-0.0695402
-0.448877
-0.518135
-0.0581158
0.535015
0.223847
-0.331195
0.131407
0.208881
0.163088
0.159007
0.327949
0.0586391
-0.0811809
0.291619
0.00741008
0.116493
0.21169
0.497176
0.529054
0.158136
0.0856232
0.120364
-0.037999
-0.204298
-0.138943
-0.00547339
-0.499824
-0.348448
-0.0601323
-0.0141806
-0.108639
0.193209
0.0613257
-0.0262687
0.0418798
-0.179869
-0.445308
-0.145854
0.0412804
0.0725837
-0.207946
0.368116
0.0152706
-0.110554
-0.023484
0.142437
0.356813
0.496311
-0.00108884
0.0528623
-0.398819
-0.618701
-0.379226
-0.0225152
0.274801
-0.221342
0.0152432
0.164492
0.187189
0.412877
0.102059
0.137703
0.230674
0.264127
-0.217699
-0.0461404
0.101194
0.120112
-0.172144
-0.0176514
0.0728625
0
0
0
0.113933
-0.0777009
0.245205
0.185123
-0.0248284
0.150633
0.207334
0.328091
-0.362613
-0.355317
-0.26978
0.150932
0.301048
-0.0168139
0.0481924
0.0130788
-0.315879
-0.378663
-0.199631
0.0385479
-0.169006
0.045703
0.0128902
-0.167676
-0.016839
0.150769
0.103573
-0.0966929
-0.337169
-0.102487
0.18325
-0.103028
0.0315086
0.238823
0.16699
0.175428
0.150837
0.147797
-0.145418
-0.530546
-0.369939
-0.0416407
-0.140165
-0.413214
0.0598571
0.240745
0.0796353
-0.15034
-0.423599
-0.392801
-0.22564
-0.273974
-0.332377
-0.317737
-0.18522
-0.0765565
0.175893
0.149016
-0.152448
0.43872
0.335362
-0.262832
-0.191222
0.105383
0.22878
0.454237
-0.0232693
0.159926
0.0416949
0.200253
-0.0843451
0.175121
0.505888
0.0605894
-0.395039
-0.109993
0.303865
0.019896
0.238266
0.0999482
-0.191528
0
0
0.677012
0.00985719
-0.0254724
0.272252
0.315
-0.0296604
-0.126285
0.0681435
0.243473
-0.089369
0.110714
0.260604
0.081789
-0.0677075
-0.264984
-0.376424
-0.0818185
0.0513042
0.092039
0.0754586
0.217972
0.0801971
-0.107228
0.141417
0.232639
-0.0736437
-0.101374
0.0549508
0.125197
0.117408
-0.156949
-0.194263
-0.197019
-0.166905
-0.365599
0.0241584
0.0133963
0.192099
0.202209
0.21314
0.0233523
-0.256448
0.279867
0.184474
-0.218018
-0.19812
0.22614
0.350459
-0.00666751
-0.289898
-0.053301
0.0583119
-0.221686
0.0596238
0.0576659
0
0
0
-0.404929
0.171428
0.339404
0.186395
0.310592
0.641958
0.459478
0.203265
-0.189691
-0.227054
-0.0932421
-0.309243
-0.319373
-0.309906
0.0317178
-0.10063
-0.292092
0.0199551
-0.22059
-0.44352
-0.147148
-0.112098
0.082259
0.0659024
0.299972
0.0894409
0.643988
0.151108
-0.0134771
0.203504
-0.447109
0.248478
-0.155608
0.297155
-0.172096
-0.105124
0.0102622
-0.39131
-0.191272
0.164303
0.548165
0.206084
-0.133221
0.0682901
0.276543
-0.250865
-0.277384
0.135016
0.18351
0.0753497
-0.0272371
-0.0667787
-0.14491
0.357585
0.273903
-0.101942
0.214927
0.362948
0.407573
0.336307
0.113545
0.368696
-0.0268684
-0.414994
-0.401536
0.00809815
0.109717
-0.368008
-0.233027
-0.211116
0.178002
0.0423525
-0.00812506
-0.0434626
0.0307397
0.0551385
0.0188549
-0.175692
-0.236351
-0.194533
0.199892
0.233677
0.0903628
-0.189177
0.0777485
-0.284916
0.196778
-0.221426
-0.285429
-0.127301
-0.179126
0.0598576
-0.198901
-0.142267
0.0327752
0.0753427
0.00942644
-0.447306
-0.0834174
0.11062
0.105598
-0.0909052
0.261482
0.154332
-0.251364
0.278414
0.249648
0.304593
0.412901
0.263453
0.210975
0.124295
0.463719
0.537989
0.151174
0.245606
0.311263
0.377717
0
0.11974
-0.00186755
0
0
0.0548605
-0.117263
-0.0234953
0.153221
0.0880593
-0.0328634
-0.0362752
0.148783
0.558109
-0.0251164
-0.229479
-0.195395
-0.250269
0.141793
-0.230819
-0.580686
0.0331792
0.219313
-0.196529
-0.135108
-0.0164399
-0.135476
-0.445872
-0.191709
0.127696
0.107173
0.0943017
0.0849734
0.452309
0.202086
-0.00833446
0.0457432
-0.0477428
-0.00771881
0.0455656
0.18062
-0.340847
-0.243227
0.0695713
-0.172436
-0.0578785
-0.133068
-0.314327
-0.0331062
-0.207912
0.018821
0.11666
-0.200553
0.0127547
-0.269537
0.229988
0.274876
0.293754
-0.172366
0.0892632
0.302336
-0.172379
-0.0721365
0.450804
0.212619
0.00915659
-0.0335998
-0.105375
-0.170517
0.112355
0.153396
0.00237153
-0.137514
