-0.344054
-0.112375
0.0976006
0.376794
0.876008
0.442731
0.0267903
-0.162157
-0.0681619
0.101041
0.150125
-0.102037
-0.0349949
-0.129518
-0.154165
0.135829
0.452113
0.814569
-0.260637
-0.278325
-0.305854
-0.246856
-0.130585
-0.272289
-0.153638
0.255688
0.0385056
-0.337622
0.188594
0.0980301
0.0654529
0.133376
0.277219
0.334247
0.249343
0.235696
0.0419457
0.107393
-0.113496
-0.254612
0.0225347
-0.386285
-0.0523961
0.0562658
-0.0661573
-0.674723
-0.00401992
0.291187
0.136344
-0.00651921
-0.376292
-0.0916219
-0.197035
-0.197706
-0.0622897
0.10285
-0.159302
-0.0203267
0.180681
-0.131998
-0.0612511
-0.0183998
-0.0423565
-0.11193
0.0131113
0.048382
-0.111544
-0.0198694
-0.0854422
-0.00584877
0.0424203
0.0527079
0.352022
-0.319956
-0.239879
0.430733
0.14537
-0.449793
-0.539746
0.224975
0.201144
0.181148
0.366665
0.110095
-0.066521
0.0284958
-0.0522787
-0.157156
0.136112
-0.102184
-0.116026
-0.548049
-0.20781
-0.0933146
-0.0392956
0.187208
-0.138252
-0.0133857
-0.147191
0.112812
-0.010495
0.0665344
0.188135
0.376704
0.275571
-0.180291
-0.290231
0.0390176
0.298407
0.286818
0.163538
-0.233007
-0.00549714
0.048604
-0.0235775
0.409961
0.0847967
0.23114
0.0841775
0.242698
-0.0543098
-0.373316
-0.32648
-0.1869
0.290685
0.188941
-0.269439
-0.237332
-0.171051
-0.23782
-0.0803086
0.337151
-0.0625367
0.0731593
0.145779
0.258383
0.378247
0.267582
-0.0807431
0.0804514
-0.0332888
-0.0208329
-0.0043543
-0.123309
0.104639
-0.134514
-0.0145351
-0.231606
-0.2534
-0.333806
-0.265654
-0.0173831
0.253894
-0.266231
0.238724
0.693923
0.421187
0.187783
0.215013
0.281043
0.0122745
-0.21564
-0.217526
-0.0354498
-0.321861
-0.209408
-0.13178
-0.320292
0.0168887
-0.111742
-0.193328
0.378901
0.138
0.321112
-0.0112622
-0.209216
-0.134937
-0.192995
-0.0397858
0.219922
0.250131
-0.0709629
-0.27447
-0.0717952
0.326789
0.0715629
-0.115903
0.194134
-0.237621
-0.345617
0.0270225
-0.0132022
0.183344
-0.0649925
-0.130521
-0.224307
-0.237739
-0.0409458
0.0400797
0.197435
-0.069275
-0.114618
-0.169369
-0.06855
0.132036
-0.187512
-0.30934
-0.425536
-0.163787
-0.275655
0.0749567
0.0471232
-0.27899
-0.119885
0.356753
0.195493
0.0861098
-0.137864
-0.0272269
0.00459131
0.0210802
-0.143385
-0.388263
0.210121
0.395278
-0.0405682
-0.151761
-0.135867
0.222489
0.443415
-0.199072
0.0238416
0.0946263
-0.498221
0.123496
-0.242421
0.130743
-0.261381
0.216313
0.0100473
0.283517
0.0875752
-0.135898
-0.166459
0.0288008
0.274267
0.310605
-0.152608
-0.0409377
-0.262449
-0.185509
-0.0679418
0.0195539
-0.0792731
-0.436711
-0.0214529
0.192128
0.143908
0.168033
-0.148633
0.263887
-0.276675
-0.579234
0.0863758
-0.0526817
0.0661367
0.282999
0.429038
-0.0385711
0.258401
-0.262743
-0.246287
0.159929
0.150828
0.343525
0.163873
-0.29566
-0.413276
-0.127309
-0.271167
-0.254696
-0.138193
-0.420359
-0.248609
-0.146854
0.0936281
0.217401
-0.139443
-0.0798338
0.046001
0.0140802
0.159736
0.28521
0.238372
-0.405462
-0.416605
-0.16638
0.0202966
-0.0106212
0.195278
-0.282475
0.0222656
-0.0953686
-0.396355
0.078019
0.175828
-0.267966
-0.321665
-0.0400038
-0.00816711
0.405391
-0.00155619
0.371796
0.293891
-0.147465
-0.23829
-0.203077
-0.114936
-0.13119
-0.341683
0.0552085
0.187345
-0.205003
-0.109399
0.315736
-0.212637
-0.103969
0.0374455
-0.516936
-0.342883
0.24772
0.193953
0.582322
0.244576
0.0892948
-0.0908237
0.0375387
0.167565
-0.0867256
0.00163343
0.162779
0.252308
0.36625
0.318052
-0.40422
-0.175919
-0.0567031
0.0735203
0.067175
0.17099
0.0402965
-0.25162
0.0355828
0.390427
0.241906
0.160857
0.0127101
-0.183713
0.029724
-0.0401509
0.0959726
0.238133
0.109846
-0.0847132
0.257163
0.176804
0.109468
0.0577084
-0.422825
-0.00769216
0.0106978
-0.243639
0.0112854
-0.109016
0.224479
-0.1645
0.348315
0.190804
-0.297229
-0.217205
-0.102767
-0.438724
-0.0411716
-0.152586
-0.0606181
-0.046017
0.469737
0.0222163
-0.134219
-0.348692
0.789485
0.175941
-0.168163
-0.0742006
0.030236
0.0490514
0.215273
-0.0843393
0.206315
0.0556731
0.334315
0.446548
0.208988
0.0663753
-0.255843
0.202966
0.168287
0.235838
0.313892
-0.00707103
0.260867
-0.04545
0.00146063
-0.138352
0.214098
0.072899
0.306539
0.167085
-0.0782509
-0.00100257
0.117223
-0.0901904
-0.32103
-0.472076
0.0285294
0.00938186
-0.199293
0.0539676
0.199893
0.0901476
0.149716
0.215613
0.278858
0.37876
-0.11605
-0.0208683
-0.14124
-0.258343
-0.309463
-0.201523
0.207349
-0.0131176
0.263481
0.160424
-0.351795
0.172883
0.22126
-0.121957
0.239265
0.232046
0.0412497
0.158467
0.15442
0.132926
-0.0796297
0.0337634
-0.521798
-0.143905
-0.115634
0.423414
0.235432
-0.137959
-0.293005
-0.0322154
0.303154
0.344022
0.00839699
0.0256888
-0.267049
-0.0075976
-0.0276336
-0.0219103
0.058693
-0.0885364
0.0701052
0.0647175
0.117829
0.669116
0.261575
-0.527734
-0.308843
0.293657
0.232426
-0.0740022
0.0377449
-0.163512
-0.262593
-0.414382
0.275859
0.243772
0.328331
0.0708762
-0.167724
-0.262182
-0.187118
0.221138
0.00335402
0.16381
-0.100638
-0.0829963
0.135887
0.0521802
0.282783
0.403091
0.199896
-0.0992183
-0.122642
-0.17755
-0.337129
0.0305968
-0.0166901
-0.0908002
0.134268
-0.187957
0.145297
-0.118659
-0.206673
-0.0582646
-0.236334
-0.246799
0.47885
0.127226
0.220396
-0.155861
0.269099
-0.123567
-0.193706
0.121617
-0.134207
-0.0393943
-0.339377
-0.0631598
-0.163271
0.209369
-0.339758
-0.237991
0.376112
-0.411521
0.0513182
-0.0819683
0.0820069
-0.267584
0.0759049
0.387146
0.210932
0.140052
0.111195
0.0396603
-0.0997263
-0.254832
-0.031329
-0.144399
-0.149266
0.110797
-0.125228
-0.261282
-0.0220925
-0.00564525
-0.0736443
-0.346388
-0.070229
0.227959
-0.00523488
-0.190976
0.0126304
0.222525
0.0669386
-0.127684
-0.0622173
-0.424866
-0.229548
0.286327
-0.0414528
0.0180414
0.194045
0.236311
0.112009
-0.13233
0.232622
0.090819
0.049613
-0.142445
0.0361812
0.101313
0.29729
0.039518
-0.455313
-0.203669
-0.0376249
-0.160833
0.104429
-0.263275
-0.0880843
-0.226593
