0.302351
0.453302
0.0284818
0.753395
0.552062
-0.273579
-0.54048
-0.640464
-0.439204
-0.21773
0.173671
0.211303
-0.445548
-0.227881
0.106663
-0.0324999
-0.0391599
0.22013
0.0159084
-0.123539
-0.192983
0.18085
-0.102455
-0.43617
-0.33219
-0.33503
0.215816
-0.0163905
-0.254408
-0.0825016
-0.327761
-0.130439
0.0482182
-0.336908
-0.146288
0.0263505
0.288029
0.0765965
0.131067
-0.145493
-0.00785415
-0.106659
-0.14125
-0.0454817
0.319334
0.190875
-0.0610788
0.0104471
0.0248157
0.0871781
-0.00454659
-0.129071
0.00980356
-0.0385601
0.395143
0.391018
0.0172878
0.0218139
0.248303
0.0526686
0.0344675
-0.176968
0.359175
0.0856849
-0.120462
-0.64202
-0.122492
0.200096
0.462942
0.197056
-0.103072
-0.0542355
0.128157
-0.0643047
-0.00338564
0.146623
-0.593241
-0.462689
-0.361408
-0.274731
-0.25084
0.414748
0.416698
0.186375
0.129557
-0.179661
0.0197924
0.295376
0.323743
-0.0115754
0.127947
0.174474
0.110852
-0.07164
0.0915751
0.0979929
0.155803
-0.0663335
-0.204288
0.153617
-0.363316
-0.00809402
0.106992
-0.134567
-0.364185
-0.0708508
0.291828
0.0626081
-0.192265
0.342101
0.300668
0.188089
0.0145131
0.16419
0.111
-0.222313
0.0704745
0.312882
0.173843
0.0461519
0.133128
0.0469473
-0.338389
-0.15848
0.322414
0.491526
0.330413
-0.105667
-0.22328
0.0095466
-0.00971819
0.0600028
0.0782857
-0.348846
0.0585358
-0.107535
0.344626
0.203529
-0.0190749
0.121454
-0.349584
-0.3113
-0.379118
-0.27432
-0.261502
-0.296203
0.269087
0.06958
-0.0138975
0.317574
0.180524
0.0769351
0.0403313
0.0382739
-0.00198106
-0.310358
-0.231882
-0.133367
-0.122661
-0.0315214
-0.101256
-0.118888
0.173508
-0.0655297
-0.351462
-0.275005
-0.311704
-0.20948
-0.0830987
0.14683
0.309079
0.132449
-0.220014
-0.0794965
0.170077
-0.192422
-0.225381
0.326858
0.0702124
-0.0432151
0.275749
0.319177
0.345712
-0.134459
0.314478
0.639241
0.514288
0.191101
-0.365835
-0.341412
-0.028615
-0.181213
-0.492611
-0.144139
0.0846318
-0.360001
-0.921042
-0.458377
-0.418205
0.590353
0.289895
-0.0707374
-0.0187076
-0.122691
-0.187689
-0.11052
0.127894
0.222061
0.0584591
0.134995
-0.248258
-0.269143
-0.0776444
0.228944
0.032768
-0.0689771
-0.163059
0.0929972
-0.0105065
-0.51381
-0.39951
0.624996
0.00133299
-0.18615
0.0184008
0.0378773
0.329703
0.259976
0.0218228
0.00880219
0.263975
0.179328
0.0149024
0.252174
0.303928
0.0310004
-0.179976
0.292535
0.0789187
-0.0741651
-0.0529196
0.157399
-0.0869169
-0.155489
-0.403195
0.038412
0.110018
-0.41636
-0.846395
-0.0864881
-0.084134
-0.0299683
0.474135
0.0967197
0.0841179
-0.235534
-0.246408
-0.244836
-0.280857
0.2829
0.127486
-0.215451
-0.262184
-0.16486
0.0212151
0.0444393
-0.0304751
-0.0963767
0.0664631
-0.144752
-0.301778
-0.273202
-0.0157109
-0.125542
-0.306973
-0.355759
0.028553
0.0920807
0.22462
0.542288
0.0949757
-0.00550984
0.406871
-0.24755
0.170158
0.259938
0.391702
-0.454042
-0.0328721
0.231166
0.439987
0.60736
0.660861
0.347266
0.296823
-0.126779
-0.205456
-0.462705
0.19869
0.189348
-0.00901571
-0.42409
0.0707088
0.274619
0.123781
-0.29687
-0.219529
-0.483517
-0.264333
-0.294564
-0.116433
0.376032
0.104169
0.174546
0.151816
-0.0944816
0.163962
-0.052341
-0.866605
-0.321832
0.0518892
-0.502503
-0.308602
-0.0245774
0.0179704
-0.201378
-0.150712
-0.226812
0.439384
0.334428
-0.446
-0.408043
-0.132357
0.330925
-0.15404
0.11129
0.324343
0.200359
0.334706
-0.0974108
-0.383103
-0.414287
-0.46867
-0.0397285
0.118873
-0.0709186
-0.308414
-0.178846
-0.422609
-0.706602
0.0928254
0.322393
-0.00450481
0.0639442
-0.147289
-0.0897547
0.307971
0.410951
0.129453
0.117884
-0.0279985
0.0133384
0.173565
0.0912524
-0.427216
-0.245552
0.29103
0.167526
-0.0889984
-0.0456304
0.0129352
-0.0848426
0.0842
0.533671
0.0348093
-0.196993
-0.34991
0.569326
0.395887
0.136816
0.353332
0.227356
0.310281
0.287891
0.357122
0.350044
0.397806
-0.0820442
-0.18569
-0.355464
-0.0437133
-0.763608
-0.995559
-0.0764421
0.406658
-0.255579
0.0328771
0.00929727
0.189434
0.294906
0.248834
-0.00226791
0.271487
0.479432
0.173984
0.234597
0.455332
0.0154715
-0.067329
-0.295238
-0.0240283
0.0853335
0.232235
0.637925
0.255234
0.0213331
0.258765
0.121922
-0.109677
-0.0705855
-0.138016
-0.0803816
0.0253748
0.0263752
0.0901841
-0.0123598
-0.0888717
0.407495
0.248449
-0.254571
-0.941404
-0.0923098
0.473728
0.131696
0.0690506
-0.353966
-0.0960153
-0.0699775
0.165816
0.0879782
-0.184066
0.06748
-0.15023
0.243565
0.106461
0.0628443
-0.0750485
0.00412756
0.543947
0.64798
-0.202656
-0.167989
-0.193599
0.276136
-0.17844
-0.243368
0.0593641
-0.20904
-0.247108
0.470667
0.341443
-0.403531
-0.0698357
-0.580042
-0.0946153
-0.108014
-0.433278
-0.163985
0.0244512
-0.109703
0.0959645
0.309844
0.335104
0.289425
0.185995
-0.0770697
0.444473
0.18987
0.0101233
-0.325356
-0.538566
-0.260697
0.196954
0.270698
0.160238
0.400062
0.175799
-0.0735715
0.202585
-0.119987
-0.341259
-0.193383
-0.0369092
-0.00602505
0.0616504
-0.373904
-0.409742
-0.486211
-0.181519
-0.382032
0.243747
0.211107
0.472376
0.118844
0.18677
-0.109819
-0.344491
0.188433
0.359576
0.449081
0.143764
-0.0131752
-0.065839
0.143789
-0.394895
-0.562952
-0.288019
0.236137
0.0655803
-0.25553
-0.0441543
-0.0405342
-0.0155345
0.282515
-0.0147853
-0.218696
-0.335696
-0.00476661
0.0301656
-0.608236
-0.213207
0.201577
0.0388935
-0.115624
0.470782
0.186577
0.0181449
-0.0574833
0.116184
-0.0221638
0.120728
-0.32746
0.0701727
0.0205037
0.102227
0.0278316
0.0739466
-0.1515
-0.145453
0.0021687
0.359903
0.188088
-0.044051
-0.0461233
0.115708
-0.13377
-0.0522703
0.401643
0.362163
-0.581824
-0.0551883
0.309812
0.11605
-0.117241
0.41666
0.194228
-0.1466
-0.278195
0.0815083
-0.0128276
0.285561
0.457853
-0.12938
-0.283634
-0.156
0.0696111
-0.170226
-0.268512
-0.196873
0.0377913
-0.0254847
0.0273601
0.327645
-0.313193
-0.0817167
0.0890023
0.079119
-0.105552
0.144342
0.0149991
-0.292474
-0.289919
0.192367
-0.109507
