-0.411744
-0.563307
-0.651273
-0.398631
-0.501661
-0.520182
-0.169241
-0.270311
-0.438024
0.0121388
-0.268353
-0.690095
0.000945834
0.533594
0.342769
0.688493
0.603606
0.556305
0.114069
0.125904
-0.118206
0.0922209
-0.140695
-0.17772
-0.0871352
-0.165713
0.243258
0.159531
-0.103425
-0.0869164
-0.160614
-0.0403425
0.10739
-0.0208015
-0.144427
0.0997901
-0.0678397
-0.373514
0.415818
0.255694
0.261818
0.430563
-0.244818
-0.00796916
0.242462
0.0503591
-0.302964
-0.25363
0.082554
-0.152865
0.064291
-0.429886
-0.0712981
0.329545
-0.0924066
0.24592
0.287959
-0.239787
-0.0754977
0.315714
0.110813
-0.0537499
0.365938
0.238789
0.0284128
-0.00800315
0.055251
0.24803
-0.262721
0.0740753
-0.613148
-0.0713814
0.433119
-0.182993
0.0917374
-0.140176
-0.142197
0.0779706
-0.0300357
0.413992
0.0755868
-0.110408
0.451237
0.381204
0.114606
0.339375
-0.158571
0.141505
-0.370743
-0.0697483
0.174588
0.227333
-0.0837345
0.0376895
-0.0210669
-0.250433
0.0166395
0.189111
-0.0712359
-0.0315587
-0.0341427
0.178365
-0.526629
0.0856314
0.0937955
0.297024
0.29131
-0.147963
0.272558
-0.0642637
-0.00404813
-0.236841
0.378122
0.127123
-0.293485
-0.979662
-0.882027
-0.0508008
0.166093
0.253367
0.00283085
0.114584
0.156387
0.0554842
0.439663
0.427348
-0.0575144
0.605869
0.553253
0.20013
-0.00644
0.394553
-0.0986013
0.104101
-0.00267
0.391821
0.288268
-0.21397
0.277718
0.0226895
0.230792
0.200133
0.345128
0.285809
-0.358385
-0.694271
0.243949
0.0472553
-0.0432823
0.374675
0.0926776
-0.24392
0.721995
0.0137424
-0.0904685
0.157438
-0.208412
0.265105
0.431774
-0.129597
0.00845747
-0.0264283
-0.144745
-0.119623
0.598221
0.361349
0.250882
0.312138
-0.162011
-0.663426
0.414918
0.907246
0.249339
0.322821
0.198676
0.149791
0.312334
0.0537983
0.0596502
0.660863
0.241214
-0.24857
-0.471533
0.0480494
-0.190478
-0.0606233
-0.2046
0.385652
-0.247429
-0.477174
-0.265302
-0.379506
-0.575756
0.0941219
0.577895
0.375828
-0.126294
-0.182392
0.130427
-0.263984
0.0987232
0.728936
0.523204
0.256329
-0.124718
-0.0306474
0.543624
0.28442
-0.311649
-0.348847
-0.0654169
-0.0690565
0.155652
0.0908555
-0.367621
-0.0204373
-0.174785
0.130013
-0.021451
0.311606
0.00781022
0.0788705
0.0200204
0.274624
0.512676
0.196684
-0.163096
-0.493388
0.0614226
0.345514
-0.0905055
-0.489105
0.0913609
0.648293
-0.00744747
-0.445783
0.0419473
0.0594225
0.0848941
-0.0711555
-0.189103
0.548184
-0.00138623
-0.0613342
0.0717609
-0.0737396
-0.17023
-0.322914
-0.353959
-0.253891
-0.0300661
-0.0901757
-0.354937
-0.448479
0.0902529
-0.1638
0.0640752
-0.2991
-0.104105
0.04898
0.184166
0.486968
0.153529
0.122847
0.349875
-0.0745026
-0.268224
0.114035
0.228698
0.100375
-0.0728405
0.217265
0.00910907
0.128823
0.0976496
-0.276521
0.084055
0.0525882
-0.105213
-0.0306542
0.0406116
-0.231377
-0.428979
-0.0156561
-0.650503
-0.269542
-0.218873
-0.360322
-0.153907
0.0553582
0.427375
0.167274
0.154501
-0.110933
-0.314143
-0.153279
0.0133037
0.250519
0.425202
0.192574
-0.509564
0.00602965
0.111234
-0.068726
0.0429033
-0.128489
-0.389983
0.119587
-0.122672
0.163573
0.0343656
-0.103697
-0.12553
0.107104
0.144961
0.192875
-0.00745122
0.063386
0.071604
-0.0675566
0.166336
-0.0396726
0.193792
-0.029184
0.223014
0.186621
-0.0927285
-0.586929
-0.00782465
0.0509692
0.400823
0.460482
0.248843
-0.203096
-0.147069
-0.325202
0.0497143
0.516803
0.21881
0.357768
0.237961
0.259875
0.463342
0.286951
0.174296
0.580098
0.0679557
0.07544
0.241462
0.172008
-0.123904
0.117796
0.156459
-0.128416
-0.171078
0.00682692
-0.0106924
0.0330363
0.18254
-0.254796
-0.427029
-0.27582
0.0749386
0.0627875
0.166298
0.499921
0.163551
0.305092
0.214647
0.467308
0.414943
-0.0101035
0.0482257
0.000140668
0.0933461
0.209929
-0.0850339
0.106456
0.138393
0.223419
0.0500078
0.201062
0.0485311
-0.306458
-0.0220973
-0.0637561
-0.168685
0.280279
0.267117
0.067457
0.444971
0.577178
0.297654
-0.20917
-0.201453
0.0144704
-0.233559
-0.177516
-0.131365
-0.312484
0.128518
-0.520216
-2.05942
0.133636
0.0272462
0.120285
-0.0282289
0.0764129
0.59361
-0.264281
-0.0640094
0.454691
0.311345
-0.0961203
-0.331081
0.113374
0.117528
-0.0146137
-0.200218
-0.38621
-0.410616
-0.541833
0.0464253
-0.353
-0.192988
-0.205061
0.454096
-0.465105
-0.140597
-0.283137
0.152872
0.166447
0.369247
-0.194851
-0.424373
0.32568
0.391623
-0.0572966
-0.341773
0.0446817
0.111578
0.236075
0.124261
-0.225772
0.261279
0.386328
0.459079
0.266133
0.334133
0.357012
0.237579
-0.350649
-0.352341
-0.222958
0.0145587
0.168618
-0.30281
-0.635755
0.0699527
0.232475
0.0740687
0.189331
0.143015
-0.142129
0.163976
0.366997
0.086804
-0.204812
-0.166888
-0.130918
-0.185928
-0.385399
-0.575581
-0.301912
-0.154946
0.319709
0.566049
0.392797
-0.192112
-0.194947
0.162559
0.171829
0.318687
0.377757
-0.217319
0.151772
0.482322
-0.842492
-0.0897002
-0.358972
-0.342841
-0.00260723
-0.0312258
0.247824
-0.338436
-0.258519
-0.255957
0.0178765
0.0823373
0.182161
0.227038
-0.454837
-0.364592
-0.219639
0.137088
-0.0103014
0.118965
-0.0683422
-0.0928562
0.159388
-0.275453
0.509124
-0.173202
-0.427032
-0.371259
0.0504872
-0.367791
-0.348167
0.335001
0.72821
-0.389489
-0.102208
0.212614
-0.174638
0.390086
-0.420586
0.0878172
0.231308
0.0264038
-0.189185
-0.657915
-0.302466
-0.0273881
0.6568
-0.201955
0.0156257
0.053811
0.117565
0.226172
0.0372303
-0.280513
0.485642
-0.155415
0.0550534
0.0243904
0.466229
0.278769
0.306735
0.00328912
0.0108989
0.361166
0.259768
0.132475
-0.0145181
-0.125655
0.382239
0.240193
0.129648
0.161672
0.325438
0.305315
0.404153
-0.138164
-0.366473
-0.544592
-0.00574614
0.213671
-0.152314
0.44425
0.52207
0.0373357
0.050964
0.0328865
0.133963
-0.234434
0.190847
-0.194849
-0.21086
-0.461505
-0.0266735
-0.0632637
-0.503412
-0.475544
-0.19773
-0.628645
-0.128529
0.174129
0.235843
0.409903
0.203262
0.200889
-0.199186
0.271827
-0.0232337
