-0.0616171
-0.132317
0.0192779
0.148208
-0.0699596
-0.351177
-0.0558466
-0.286661
-0.2005
-0.0342042
0.096731
0.224529
-0.0166829
-0.0467158
-0.132063
0.074267
0.762579
1.11457
0.357339
0.0263282
-0.036158
0.278721
-0.0118637
0.089767
0.304925
0.153543
-0.154186
0.251984
0.224214
-0.230302
-0.130196
0.0120898
0.555842
-0.171659
-0.0651547
-0.18108
0.12143
0.381863
0.0367941
0.014808
-0.090962
0.00994142
0.0281768
0.176439
-0.0956011
-0.0580108
0.0235583
0.485445
0.0686172
-0.210057
0.0176419
0.315732
0.0641373
0.160745
-0.312467
-0.149112
0.13453
0.139357
0.0382674
-0.0273657
-0.06999
0.0857294
0.0194449
0.00281768
-0.0371331
0.287959
0.106078
0.1997
-0.00516429
-0.482411
-0.388113
0.040072
0.217458
0.300526
0.225095
-0.0246855
-0.204856
-0.322943
-0.258379
0.0990032
0.233151
0.292937
0.521843
0.187948
0.49695
0.219716
-0.0757012
-0.317369
-0.416057
-0.128925
0.348502
0.554924
0.213163
-0.114242
-0.188129
-0.215857
0.0667319
0.0961399
0.259488
-0.14365
-0.0673394
0.121971
0.497333
0.224542
0.175294
0.355905
0.176764
-0.213055
-0.248128
0.110702
0.397676
-0.248098
-0.558901
-0.0443825
0.0754158
0.00966001
-0.179733
-0.139895
-0.204112
-0.124615
0.137331
0.0712473
-0.189911
-0.22698
-0.383075
-0.251333
-0.262122
0.208516
0.42917
0.0230539
0.00489284
0.0965776
-0.229947
-0.140647
0.334725
-0.278197
0.156687
0.173091
0.216211
0.147678
0.0344481
-0.0971879
0.125407
0.415979
0.0805585
0.183972
-0.174275
-0.455061
0.139406
-0.190879
-0.0541164
0.118468
-0.400239
-0.680415
0.118534
0.107058
0.115403
0.0184005
0.253039
-0.257793
-0.310856
-0.111926
0.1165
-0.119772
0.597914
0.199849
-0.0881279
-0.189962
-0.212769
-0.0166805
0.085774
0.167373
0.207911
0.0555899
0.277579
0.388788
0.312653
0.0139705
-0.459637
-0.241707
-0.0155096
0.272754
-0.0200821
-0.172347
-0.263984
-0.178821
0.145952
0.364035
-0.0725499
-0.0500682
0.0084444
-0.358314
-0.782147
-0.373421
0.232002
-0.0209054
0.0648301
0.231877
0.249542
-0.416942
-0.107375
0.321663
-0.116876
-0.221698
-0.0228207
-0.0260353
0.0756881
0.102116
-0.0444661
-0.00232031
0.189496
0.0795007
-0.0545541
-0.0650439
-0.0860825
-0.0156321
0.246188
0.221597
-0.0571441
-0.240852
0.165447
0.334576
0.0132949
-0.304462
-0.216108
-0.246575
-0.259674
-0.0392287
-0.0675509
-0.362287
-0.323109
0.0557392
-0.157135
0.114925
0.330909
0.283718
0.400706
0.0451655
-0.426276
0.0144429
-0.0524167
0.141591
0.306424
-0.116625
-0.200843
-0.123828
-0.273062
-0.0831624
0.30261
0.0392239
-0.213684
-0.170272
0.0290105
-0.0321582
0.161698
-0.162325
-0.281774
0.021475
0.320737
0.469497
-0.0368411
0.0160785
-0.103362
-0.110804
0.249763
0.0318756
0.155503
0.454859
0.810272
0.258135
0.071798
-0.217002
-0.115742
-0.035569
-0.179373
-0.263754
0.0106965
0.271253
-0.237696
-0.294718
-0.262204
-0.118928
-0.354184
-0.199781
0.0524085
-0.0597769
-0.126826
0.209474
-0.0944108
0.15884
0.0445426
-0.0996381
-0.0355732
0.26108
0.109795
-0.329919
0.0471809
0.376706
0.0119938
0.243919
-0.138007
-0.297617
-0.442469
-0.0861896
-0.0533148
0.362022
-0.131935
-0.440665
-0.149594
0.0986228
0.127158
-0.462756
-0.285848
-0.0168882
0.172976
0.412991
0.0672343
-0.635279
-0.252825
-0.415503
-0.0619716
-0.267461
-0.139187
0.254554
0.0227214
0.153869
0.640333
0.203761
-0.0701388
-0.0469495
0.282943
0.312895
0.132918
-0.137411
-0.14932
0
-0.0630884
-0.476695
-0.211245
0.064467
-0.352431
-0.361755
0.171325
-0.00734567
-0.232865
-0.0238148
0.262289
-0.0445086
-0.0831812
-0.0983952
-0.311956
-0.598876
-0.08805
0.197612
0.0499852
0.160595
-0.0729738
-0.40912
-0.179508
-0.0963502
0.0291032
0.261673
0.164463
0.164826
0.438063
0.221219
-0.181972
-0.45478
0.0926875
-0.0395389
0.124763
0.0379663
0.179702
0
-0.215711
0.0680219
0.00187236
-0.145988
0.030786
0.554618
0.560212
0.237489
0.0036563
0.433176
0.00683925
-0.228224
-0.350641
-0.330506
0.0959668
-0.0660716
0.165541
0.568998
0.269902
-0.369153
-0.416622
0.182488
0.151065
0.139844
-0.174617
0.464521
0.277516
-0.437984
0
0
-0.5347
-0.51192
0.167256
-0.240607
0.284264
0.517564
0.368124
0.0618572
0.106187
0.262712
-0.0224264
0.0146552
0.0715476
-0.409671
-0.166548
-0.26056
0.0504735
-0.399854
-0.441892
-0.594241
-0.102876
-0.0398594
-0.121605
0.0939775
0.133379
0.690237
0.330622
0.282461
0.201733
-0.2009
-0.138637
0.104126
-0.277498
-0.293405
-0.23488
0.121057
0.193209
0.0793263
0.229008
0.0451498
-0.21004
-0.610074
-0.00441599
-0.0971267
0.237711
0.252462
0.229406
0.0187723
-0.153404
-0.383914
-0.244833
-0.255389
0.0734237
-0.131239
-0.484054
0.229211
0.316964
0.356417
0.175925
-0.313258
-0.416825
-0.538811
0.315854
0.360487
0.0129176
-0.278125
-0.000799054
-0.0228258
0.0559879
-0.304283
-0.500614
0.118526
-0.223773
0.219563
0.519355
0.456954
-0.0363216
-0.179293
-0.15232
-0.22672
0.0545765
0.115587
-0.00785648
0.128102
0.0673472
0.2098
0.472487
0.329537
0.236967
-0.310571
-0.301253
0.029863
-0.00674492
-0.252267
-0.502596
-0.622597
-0.224254
0.0902974
-0.34465
-0.00746437
0.124231
0.353872
-0.240471
-0.172069
0.265896
0.192277
0.305207
0.499887
0.412934
-0.190835
-0.160813
0.346837
0.446449
0.0150665
0.332686
0.233755
0.527299
0.284984
0.0279298
-0.0562852
0.28767
-0.0661256
-0.336603
-0.0924168
-0.0455753
-0.679761
-0.24322
-0.108241
-0.119803
-0.139725
0.584246
0.230196
0.0550515
0.0713468
-0.178941
-0.400625
-0.21256
-0.219221
0.01012
0.148508
-0.110579
0.259293
0.346735
0.276922
0.0779599
-0.0217313
0.00114485
0.00424167
-0.111092
-0.201204
0.10607
0.447445
0.215
0.181846
-0.210356
-0.242238
-0.282252
-0.194259
-0.15137
0.125172
0.108429
0.0359358
-0.166891
0.0315225
0.373977
-0.0819006
-0.0045066
-0.0769809
0.0854918
-0.0882066
0.0360101
0.0666921
-0.130664
0.371845
0.396626
0.135439
0.367686
0.241123
-0.0580899
0.364389
0.323768
-0.295865
-0.101461
-0.193698
-0.150684
-0.161144
-0.0594444
-0.00879391
0.283613
0.453977
