0.313083
0.202344
0.944631
0.926976
-0.291572
-0.540434
-0.954406
-0.231917
-0.117574
0.374192
0.16021
0.102851
-0.0176422
-0.303289
0.0662563
-0.0450422
-0.103566
0.64384
-0.0026238
-0.289246
-0.447597
0.214733
0.468831
0.703766
0.263495
-0.152846
-0.806945
-0.108551
0.113257
-0.181809
-0.104142
0.266221
0.623406
0.0588884
0.519164
-0.438344
-0.69101
-0.476839
-0.153109
-0.0780579
-0.501776
0.0643088
0.259153
0.492728
0.0117814
-0.0324124
0.239446
-0.118204
-0.300079
0.419039
0.0706881
0.0833306
0.0847463
0.351624
0.228375
-0.0639614
0.145816
0.293334
0.285507
-0.503526
-0.49702
-0.28568
-0.139724
0.310548
-0.104733
0.0720295
-0.134222
0.0722
-0.307595
-0.658172
-0.0492909
0.483766
0.100564
-0.28059
0.228347
-0.101722
-0.263981
0.239294
0.0323013
0.134708
-0.354225
-0.305402
0.246657
-0.246064
0.599869
0.18375
0.135966
0.111599
0.226683
-0.337813
-0.307278
-0.198853
-0.0450819
0.0360188
0.0454606
0.450056
0.107049
0.0504403
0.345075
0.0467877
0.110209
-0.0876123
0.217279
0.0285709
-0.22589
0.00642454
0.524001
0.33628
-0.147056
-0.38088
0.100121
0.210988
0.100956
0.246777
-0.230239
-0.549313
-0.260324
0.448653
-0.0913407
-0.127414
0.854881
0.660338
0.33799
0.756603
0.442607
0.736813
0.0944594
-0.197245
0.11749
-0.686126
-0.162471
-0.403728
-0.0567186
0.546603
0.27774
-0.0245121
-0.37807
0.105082
-0.35485
-0.293047
-0.140292
0.174082
0.0688748
0.0410507
-0.0366863
0.0832528
-0.0805437
0.289416
-0.141236
-0.6273
-0.3439
-0.00105161
-0.33818
-0.632006
0.19324
-0.246009
-0.346223
-0.228368
0.217106
0.290456
0.558162
0.222044
0.094756
0.347366
0.610536
0.198054
0.554556
-0.42643
-0.531713
-0.268315
-0.340087
0.283836
0.413679
0.526393
0.407524
0.963576
0.155057
-0.273935
-0.0740663
-0.311021
-0.165738
-0.101201
-0.819904
-0.304105
-0.138566
-0.370339
-0.0874912
-0.367584
-0.848274
-0.0290795
0.171086
0.0698799
-0.298466
-0.268873
-0.0131228
-0.456133
-0.739825
-0.478193
0.380828
0.126177
0.251785
-0.114381
0.0152964
0.259137
0.47317
-0.235157
-0.212524
-0.0802277
0.162702
-0.121342
-0.349221
-0.416058
-0.191826
0.0246567
0.228914
-0.148905
0.0192405
0.129493
-0.0933024
0.30315
-0.194461
-0.421427
-0.367865
0.123447
-0.0316996
0.053123
-0.0150611
-0.0512942
0.156119
0.000426146
0.327349
0.287543
0.565634
0.697004
0.499945
-0.101722
0.0260953
-0.296291
-0.0842658
-0.377403
-0.0263114
-0.247185
-0.0653579
0.0140874
-0.588023
-0.0901717
0.00298674
-0.220671
-0.138803
0.0900737
0.263027
0.419299
0.804356
0.216454
-0.0755612
0.0200141
-0.212329
0.0550957
0.302163
0.247173
0.0600463
-0.410177
-0.136229
0.0685996
0.102633
-0.318518
-0.20919
-0.305289
-0.165111
-0.0374306
-0.465229
0.0440878
0.571001
0.528928
0.37139
-0.382983
-0.75528
0.21852
0.438715
0.286071
0.652897
0.972173
0.534649
0.108251
-0.314974
-0.429011
0.0269487
0.224784
0.319754
0.0363872
0.272929
-0.211196
0.0641377
0.452648
0.0926605
-0.728578
0.063618
-0.319413
-0.396742
-0.203675
-0.0981832
-0.475588
-0.0584795
0.540245
0.776017
0.231172
-0.440215
0.232646
-0.0223043
0.245017
0.349757
-0.26623
-0.314618
-0.577002
-0.583593
-0.519523
-0.0339282
0.0772169
-0.38749
-0.395312
-0.317212
-0.0190116
-0.393088
0.176542
0.431524
0.343296
0.37354
-0.174324
-0.144283
0.319167
0.627752
0.712875
0.210783
-0.317739
-0.0915117
0
-0.42585
-0.156122
0.315097
0.124235
-0.255414
-0.541368
0.341587
-0.270928
-0.317378
0.186708
0.761808
0.794326
-0.7954
-0.66778
-0.168584
-0.216937
-0.465886
-0.84348
-0.303011
0.218383
0.664749
0.252978
0.220464
0.327225
0.135412
0.0348037
-0.0801236
-0.58505
-0.481964
-0.33847
0.0398198
-0.285
0.032153
-0.0616635
-0.271506
-0.258412
0.678884
0
0.213587
0.362524
0.588349
-0.0331673
-0.247297
0.246042
0.256408
-0.200784
-0.272439
-0.253332
-0.0736516
0.153209
0.439374
0.118939
0.197949
-0.227862
0.504703
-0.10629
0.124412
-0.255671
0.217477
0.0522733
0.377768
0.080972
-0.218607
-0.115735
-0.0948149
0.118088
0
0
0.213279
-0.0738739
0.0375596
0.215508
-0.175176
-0.295293
-0.0994287
0.273421
0.0738498
-0.0843629
0.0345175
0.372791
0.185722
0.351016
0.223031
-0.290093
-0.0604249
-0.135475
0.0164298
-0.0213185
0.424682
0.366444
0.113809
0.0725126
0.186612
0.593577
0.0606547
-0.291832
-0.468786
0.259326
0.3298
-0.275635
-0.683628
-0.372409
0.147017
0.155609
0.244832
0.221977
0.0955366
-0.397302
0.104362
0.626762
0.828105
0.534476
-0.170513
-0.0130848
0.2085
-0.242729
-0.476558
-0.310319
-0.223355
0.0322005
0.0392531
0.485132
0.297302
0.22903
0.200086
-0.188598
-0.88649
-0.37442
-0.0150461
0.615762
0.880642
0.398204
0.324553
-0.698336
0.0441767
0.211502
-0.229049
-0.411133
-0.022876
0.214444
0.336239
-0.291424
0.692825
-0.143282
0.0740586
0.243141
0.189776
0.607428
0.192659
-0.196104
-0.444595
-0.378918
0.0497663
-0.032321
0.457833
0.403748
-0.0148701
-0.123537
-0.245993
0.142453
0.213924
0.252388
0.177712
0.381006
0.0755631
-0.739015
-0.409555
0.114552
0.474029
-0.320411
-0.303461
0.0866087
0.0335233
-0.130129
-0.288238
0.0461316
-0.209237
-0.143922
0.169322
0.684814
0.890653
0.621307
0.200801
-0.812492
-0.332647
-0.0396205
-0.270131
0.420352
0.258976
0.293237
0.240118
0.0983703
-0.226283
-0.256243
-0.522402
0.274878
0.801184
0.507837
0.371745
-0.159322
-0.159239
0.511014
-0.0333389
0.0842741
-0.19707
0.432872
0.576644
0.0729284
0.362613
0.227686
0.0474719
-0.895004
-0.11294
0.450048
0.0906694
-0.104177
-0.164847
-0.0723298
-0.0163946
0.0682038
0.238376
0.0701287
-0.15729
0.299153
0.0522095
-0.396323
-0.0137937
-0.325268
-0.0785817
-0.0203041
0.435931
0.034949
-0.034881
-0.191798
-0.296567
-0.0813612
0.16425
0.350175
-0.139059
-0.0672637
-0.031102
0.732574
0.050346
-0.409524
-0.0788928
0.0395363
0.260534
-0.0069019
0.183195
-0.160523
0.0314815
-0.00392415
0.137803
0.229487
0.251011
0.172732
0.365823
0.175324
