0.435493
-0.277277
0.0787217
-0.104961
-0.50889
-0.139095
-0.435172
-0.257749
0.338149
0.0708143
0.104892
0.147048
0.128153
-0.120567
0.137038
-0.00447111
-0.204675
-0.283272
0.113126
0.181065
0
0
0
-0.594646
-0.124695
-0.473415
-0.421057
-0.307321
-0.101423
-0.183816
-0.165564
-0.119386
-0.257629
0.0880489
-0.03248
-0.0639875
0.0451059
-0.0158903
0.0887533
-0.571768
0
0
0
0
0
0
0
0
0
-0.206589
0.120678
0.0494606
-0.0817904
-0.0184567
0.17702
0.148978
-0.183713
0.121428
-0.0727052
0.410916
0.257314
0.309956
-0.0211649
-0.256014
-0.0157801
-0.250668
-0.282024
0.297863
0.0253631
0.0961457
-0.0391856
-0.000660623
-0.197924
0.126283
-0.0126537
0.194664
-0.134303
-0.0509865
0.0757587
0.368798
0.0979661
0.251371
-0.227864
0.0303463
0.503362
0.107873
0.250191
-0.151328
-0.152591
-0.102009
0.058196
-0.571521
-0.146249
-0.32872
-0.0558447
0.121649
0.174094
0.0130197
0.35085
0.100024
-0.0176995
0.264189
0.061048
0.0113897
-0.163282
0.0594518
0.335311
0.0100145
-0.0895925
-0.451576
-0.0895465
-0.164299
0.229668
0.267188
-0.0942025
-0.0535135
0.000129234
0.131392
-0.00226734
0.332313
0.147564
-0.221653
-0.400326
0.13377
0.359711
-0.0430137
0.0294285
-0.292067
-0.117986
-0.0121322
0.404115
-0.18818
-0.102237
-0.0758443
-0.0356282
0.15192
-0.531157
-0.0847434
0.22518
-0.00552836
-0.0092179
0.321325
0.280854
-0.161486
-0.292205
0.201153
0.185608
0.101151
-0.103334
-0.0594677
0.272601
0.0804424
0.512208
-0.0830373
-0.00440373
0.220208
0.347312
0.191846
-0.362112
0.130657
-0.157722
-0.354436
0
0
-0.428265
-0.0954823
0.741969
-0.232451
-0.301726
-0.384075
-0.223171
0.00108029
0.171025
-0.00334841
0.102547
0.217444
0.068169
-0.00859999
0.122346
-0.00621273
0.145849
-0.142502
-0.189617
0.0124549
-0.137147
0.12557
0.305064
0.107884
-0.112216
0.156463
0.0374537
0.00863031
-0.112737
-0.058983
0.457313
0.370437
0.174909
-0.0748627
-0.140359
-0.161158
-0.175989
0.126914
-0.491112
-0.39242
-0.313305
-0.0489984
-0.00579389
0.0325086
0.498843
0.199418
-0.0939241
0.335837
0.166605
-0.0982403
0.24959
0.0991979
0.0954757
0.437071
-0.0629611
-0.288543
-0.268159
0.163003
0.501635
-0.173333
-0.488938
-0.438104
-0.100672
-0.111709
-0.442717
-0.0638648
0.0351239
0.129541
0.272114
-0.166641
0.129632
-0.463479
-0.138951
0.2341
-0.288747
-0.309133
0.0491149
-0.158751
-0.246554
-0.090829
-0.185763
0.130254
-0.0744036
0.22821
-0.0235528
0.0705074
0.0991842
-0.175215
-0.404927
0.00342665
0.0749702
0.477984
0.120913
-0.414234
0.0348715
0.409374
0.0671082
-0.155547
0.038339
0.0187519
0.187372
-0.328515
0.128568
0.0525129
0.493786
0.203126
-0.0611617
0.0952518
0
0
0
0
-0.344275
0.132898
-0.170966
-0.00933405
0.0485369
0.159703
-0.312058
-0.106524
-0.153497
-0.0473705
-0.327619
0.360055
-0.281824
0.270281
0.331109
-0.338045
0.194893
0.46868
0.189224
0.343539
0
-0.194119
0.233444
-0.45126
0.0811187
0.0172551
-0.445021
-0.354385
0.109401
0.319572
-0.0767386
-0.265284
0.137249
0.157686
-0.0715206
0
-0.299149
0.416651
-0.301988
-0.20334
-0.0328058
-0.176424
0.119502
0.056
0.117911
0.51302
0.0465032
0.0439483
-0.157019
0.150175
-0.0574466
-0.205688
0.0986463
-0.0562946
0.0275862
-0.235006
0.0224049
0
0
0
0
0
0
0
0
0
0
0
0
0
0
0
-0.176175
0.0706271
-0.0253363
-0.329029
-0.359562
-0.414613
-0.0844604
-0.203241
-0.0264749
0.351977
0.118312
0.499587
-0.107843
-0.330738
-0.253053
-0.213113
-0.274536
0.133988
0.0265842
0.00677176
0.287636
-0.146963
0.632443
0.0819754
-0.480717
0.159584
0.379632
-0.341794
0.175518
0.228044
-0.169176
-0.201214
-0.213556
-0.235765
-0.206441
0.30479
0.0444577
0.081799
-0.0966552
0.148893
0.176674
0.43424
0.0349757
-0.314342
-0.52425
-0.143274
0.197351
0.0688209
-0.301368
0.00416775
0.252925
-0.113828
0.207849
-0.18219
0.177128
-0.0674389
-0.36796
-0.125943
0.00217343
-0.0359633
0.0503659
-0.00929629
0.544896
0.269421
-0.133029
-0.268519
-0.0198954
-0.11612
-0.214483
0.0974298
0.203967
-0.0701207
0.0101333
0.204646
-0.167648
-0.271504
-0.178483
0.352557
-0.0897416
-0.182826
0.187045
0.297013
0.206409
-0.0795449
0.0646658
-0.464835
-0.651346
-0.418544
-0.386051
0.191027
0.397251
0.116415
-0.512539
0
0
-0.0753899
-0.151467
-0.0812288
0.195623
0.0786471
0.522861
-0.172717
0.146389
0.187176
0.094831
0.449269
0.124464
-0.250765
-0.317922
0.0499353
0.269785
0
-0.0495632
0.178353
0.121248
-0.347694
-0.055824
-0.00899309
-0.382262
-0.265664
0.197961
0.278115
-0.0364711
0
0
0.226548
0.0391278
0.217706
-0.0773996
-0.107274
-0.652064
-0.264926
0.183611
0.318304
-0.169155
0.128146
0.453484
-0.279404
0.162026
0.0836641
-0.133912
-0.0100416
-0.211433
-0.341622
-0.0536079
-0.0507361
-0.415659
-0.26739
0.110626
0
0
-0.0261179
-0.492449
-0.646738
0.307795
0.0502165
0.140339
0.262932
-0.21104
0.0760343
-0.0195312
0.302723
0.25349
0.100471
-0.0823286
-0.155701
-0.259655
-0.154707
-0.0783119
-0.0629642
0.00188709
0.0270741
-0.211581
-0.439429
-0.157386
0.193529
-0.034193
0.037563
0.0757271
-0.0547175
-0.0576048
0.015063
-0.13087
-0.256204
-0.363044
-0.231387
-0.279583
0.00817582
0.156933
-0.123225
-0.214181
-0.187399
0.00717795
0.262698
0.172299
0.316688
0.339973
0.0816741
0.0520005
-0.436612
-0.431436
-0.389673
0.155478
0.330504
0.550209
0.0835896
0.115505
-0.451449
-0.191693
-0.47424
-0.522764
0.316112
-0.0763402
-0.29131
-0.090784
0.189748
-0.144254
0.181357
-0.0603018
0.234731
0.0490783
0.335598
0.296439
0.342529
0.104427
-0.191389
-0.476769
-0.0683483
-0.330056
-0.305418
-0.0992463
-0.0368012
-0.385781
-0.0209582
-0.195409
0.198121
-0.0965195
0.048314
-0.386429
0.116435
0.00998053
-0.24335
-0.324202
-0.745845
0.236024
0.456484
