-0.318029
-0.25015
-0.144494
0.298949
0.0435
0.0423884
0.127857
-0.100139
0.360476
0.251686
-0.257873
-0.198157
-0.531208
-0.205085
0.14802
0.442413
0.0907066
-0.327376
-0.331825
-0.23749
-0.4231
-0.389305
0.000256639
0.367038
0.0254576
0.543402
-0.0555019
0.135528
0.0628189
0.450806
0.084432
-0.130222
0.140056
0.0720738
-0.376498
0.119331
-0.0731849
-0.16133
-0.30531
0.31491
0.130746
0.383259
0.0500598
0.3392
0.130289
-0.0406392
0.0533846
-0.0862339
-0.318293
-0.0575755
-0.153823
-0.0910762
0.483791
0.258693
0.214918
-0.312371
0.0830293
0.00133749
0.097593
-0.0649873
-0.122059
0.112563
0.65213
0.512883
0.308157
0.200341
-0.146175
-0.212198
-0.205625
-0.0659991
-0.290298
0.2504
-0.519842
0.21262
0.192275
0.216577
0.141034
-0.274679
-0.0290827
0.260288
-0.211135
-0.238118
0.0226281
0.252065
0.837354
-0.00107583
0.0351967
0.284858
-0.0650694
0.170546
0.250746
-0.202787
-0.104505
0.218904
-0.0123522
-0.000650623
0.274695
0.0351865
-0.691731
-0.0623419
0.331241
0.390395
0.0160392
0.144974
0.194957
0.0557752
-0.162999
-0.0568393
0.0468206
-0.144633
0.00777813
0.188509
0.348023
0.372907
0.418724
0.0664337
0.192779
-0.100146
-0.262557
-0.0704305
0.184263
0.242956
0.362821
-0.0928882
-0.159643
-0.0163572
-0.498022
-0.0433888
0.15746
0.0109465
0.386926
-0.120572
0.0176762
0.101493
-0.073204
-0.131673
0.214053
-0.252416
-0.0913997
0.0348317
-0.426314
-0.255948
-0.398935
-0.249008
-0.196966
0.169625
-0.286832
0.0196577
-0.0228676
0.0251893
0.342856
0.269034
0.286261
0.19894
0.397421
0.217275
-0.197813
-0.422826
0.149042
0.71665
-0.0590685
-0.0056587
0.229315
-0.0972455
0.0187506
-0.428516
-0.123247
-0.0222372
0.285278
0.20933
0.39449
-0.203796
0.242389
0.232103
-0.211282
-0.638303
-0.437554
0.188692
-0.195174
-0.202409
-0.41317
0.403834
0.212232
0.198226
0.354214
0.183423
-0.122519
0.0668565
0.302672
0.0502153
0.254868
-0.258961
-0.0886897
-0.108831
-0.12832
-0.173053
-0.420308
0.183745
0.296388
0.307573
-0.422607
-0.0610378
0.184826
0.518621
0.407187
0.286056
0.641789
-0.154971
-0.77342
-0.0187563
-0.160042
0.254642
0.422576
0.345626
0.0553632
0
0
-0.0991017
0.0144657
-0.17161
-0.0674084
0.855861
-0.0539646
0.24617
-0.240378
-0.379912
0.319213
0.302098
-0.505308
0.0524854
-0.183876
0.457433
-0.0238128
-0.00766026
-0.466532
-0.644326
0.0144155
-0.0904605
-0.0779284
-0.259187
-0.122145
0.429828
0.289359
-0.00720395
-0.110284
-0.0391186
-0.184482
-0.252769
0.0443061
0.24521
0.132405
-0.203261
-0.737349
-0.720095
-0.0602869
-0.143179
-0.0111267
-0.130864
0.463349
0.399726
0.208296
-0.0983927
-0.553144
-0.0405087
-0.458382
-0.287059
0.188037
-0.192095
-0.547947
-0.0779041
-0.0604316
-0.0835885
0.213612
0.527743
-0.0818865
0.301684
-0.176537
-0.0542102
-0.196299
-0.158859
-0.487745
-0.113287
0.0486421
0.239163
0.172819
-0.473939
-0.483061
-0.152218
0.0140331
-0.351566
0
0
0
0.0188906
-0.2136
0.0336618
0.204382
0.20561
-0.270366
-0.0880506
-0.0152314
0.00348376
0.160356
0.131248
0.803864
0.578355
-0.014799
-0.280187
-0.754322
0.0295443
-0.0259078
-0.172859
-0.193477
-0.0549168
0.141848
-0.0368854
-0.285297
0.321924
0.695356
0.446857
0.362128
0.177708
-0.402149
-0.479147
-0.149928
0.205437
0.0887253
-0.0496223
-0.164367
-0.0530164
0.00509076
-0.19709
0.174746
-0.0641107
-0.0698529
-0.00498848
-0.306329
-0.0819343
0.20855
0.0980667
0.216926
0.220324
0.225248
-0.240447
-0.173015
-0.47329
-0.110076
0.0647101
-0.255678
-0.287506
0.181691
-0.0561463
-0.209407
0.0835302
0.445878
0.732324
0.960558
-0.0932109
-0.448579
0.0925579
0.109441
0.414837
-0.345997
-0.145148
-0.112397
0.238039
-0.348638
0.137786
0.133048
0.44243
0.0982939
0.239775
-0.0165551
-0.0567381
-0.00974696
0.438835
0.134896
-0.0941243
0.167358
-0.190942
0.307425
0.154849
-0.48446
-0.560601
0.0196134
0.107334
-0.0455022
-0.14718
0.276069
0.150664
0.127998
0.138341
0.0748686
0.353758
0.322794
0.0525085
-0.105902
0.0752587
-0.0164358
-0.346585
0.0447494
-0.0891391
-0.19725
-0.319671
-0.202182
-0.161918
-0.514797
-0.564616
-0.00175005
0.217884
0.347164
0.0501616
-0.00842114
0.0360133
-0.222097
0.635564
0.271844
-0.32062
-0.0177295
-0.0401138
-0.0398599
0.095496
0.128091
-0.12276
-0.214021
-0.249797
0.0578317
0.368134
-0.346573
0.0121938
0.094811
-0.141293
-0.404518
-0.247165
-0.105683
-0.255176
0.0503417
-0.133048
-0.264814
-0.327033
0.103441
0.133768
0.0322027
0.343315
-0.233708
0.261278
0.0127749
-0.197806
-0.0184398
-0.458511
0.173906
-0.227612
-0.546356
-0.622859
0.212809
-0.0480705
0.696465
0.240002
-0.104969
-0.30431
0
0
-0.0601034
0.386605
0.353432
0.327904
-0.13359
0.367171
0.390794
0.0894091
-0.0292897
0.0387388
-0.0150215
-0.335118
0.0223083
0.403563
0.0876003
0.287399
0.090331
-0.290021
0.442584
0.196221
0
0
-0.109554
0.300089
-0.181164
0.511767
0.167375
-0.0911286
-0.315186
-0.450123
-0.0910355
-0.301306
-0.146203
-0.139673
-0.270363
-0.277056
0.0971298
0.0412143
0.29777
0.165476
-0.191786
-0.114947
0.355866
0.0646741
-0.0117863
0.0113727
-0.690419
-0.210834
0.409818
0.305746
-0.0484859
0.0429893
-0.312283
-0.117462
-0.3376
0.198131
-0.508933
-0.787798
-0.278472
-0.340215
0.85467
0.821103
-0.181042
0.552877
0.409616
0.140198
0.167097
0.0406124
-0.244425
0.00652678
0.237108
-0.221976
0.104828
0.0837721
-0.011879
0.064952
-0.369545
0.0232004
0.343447
0.0314164
-0.0450121
0.0428507
-0.043482
0.249845
0
0
0.0174271
0.136615
0.207684
0.768796
0.355341
0.356803
0.115368
0.184176
0.157585
0.0217529
-0.198662
-0.303479
-0.172271
0.192897
0.641714
0.100829
-0.0602773
-0.12214
-0.0759098
0.528685
0.493494
-0.485795
-0.133694
-0.548845
0.232399
0.383633
0.233784
0.464491
-0.179941
-0.0894884
0.00684221
-0.274422
-0.203097
0.296808
-0.353153
-0.299529
0.48765
0.365555
-0.260455
0.0335083
-0.0207725
-0.152657
0.209262
0.478048
0.164211
0.119441
