-0.306548
0.125977
0.10367
-0.0223342
0.23846
0.0940137
-0.0843134
-0.10829
0.13714
0.519218
0.394125
0.298343
0.128496
0.0945408
0.0341493
-0.0268684
-0.251315
-0.404844
-0.139214
-0.682715
-0.32403
0.093563
0.237325
-0.203319
0.0456212
0.355989
0.226231
-0.406456
-0.0742633
-0.037132
-0.219337
-0.284794
-0.188198
-0.184444
0.438198
0.0674605
0.0253852
-0.0980351
0.204113
-0.165781
0.157533
-0.332241
0.0759289
-0.0410939
-0.401057
-0.125898
-0.085449
-0.0751503
0.0550426
-0.270048
0.158436
0.394285
0.0308279
-0.0708308
-0.33491
-0.260406
0.35893
0.211466
-0.23102
-0.232789
-0.196465
-0.504417
0.10731
0.536686
0.135495
-0.303638
0.322904
-0.280659
0.38313
-0.165486
0.443107
-0.0632707
-0.292246
-0.232443
0.19254
0.547692
0.424584
0.361676
-0.33711
0.00647943
0.000301899
-0.0544975
-0.533204
-0.144974
-0.364974
-0.029118
0.709357
0.206912
-0.0924057
0.610124
-0.0620378
-0.463577
0.30875
0.043955
-0.136324
0.0233009
-0.292831
-0.291137
-0.0901057
-0.408676
-0.372292
-0.0963948
-0.356932
0.370974
-0.29874
-0.0775282
0.443362
0.37592
0.00347796
-0.111439
0.0687099
0.286715
0.109999
-0.194561
-0.0239486
0.300205
0.110744
-0.00326256
-0.253519
-0.065755
0.513898
0.196712
-0.32783
0.378878
-0.190291
-0.130506
0.222822
-0.0720116
-0.0565333
0.012672
-0.30748
0.0911368
-0.225058
0.0725378
0.127118
0.223701
0.0102218
-0.534441
-0.680118
-1.02832
-0.262132
-0.133092
-0.278517
-0.000633352
-0.186501
0.0585746
0.0212152
0.369455
-0.0372236
-0.108482
0.185262
-0.222403
-0.225917
0.160238
0.0717337
0.446166
0.375589
-0.269356
-0.0763333
-0.249046
0.0265644
0.0261058
-0.47479
-0.278278
-0.343565
-0.193759
-0.0254472
-0.0309029
-0.0330613
0.269562
0.477383
0.126811
0.0606951
-0.117585
0.483449
-0.305653
-0.358389
0.0450662
-0.13069
-0.263893
-0.524399
-0.0786818
-0.447438
-0.530904
-0.293916
0.460082
-0.156228
0.0991574
0.297837
0.286347
0.570541
0.0640815
-0.312364
0.211858
-0.474156
-0.460882
-0.180532
0.442648
0.520576
0.30347
0.138619
-0.0673058
-0.00583407
-0.352723
0.0405412
-0.19671
-0.333313
0.50747
0.78138
0.459534
-0.100179
-0.151101
-0.691586
0.0920879
0.103103
0.543024
0.395723
-0.524932
-0.415041
0.0302213
0.355398
-0.00879162
-0.352085
0.341159
-0.146372
0.46929
0.00860809
-0.0910495
-0.0126635
0.0574364
-0.314063
-0.0643392
-0.168962
-0.0740812
0.220694
0.159235
-0.576975
-0.534891
-0.0512712
-0.0143936
-0.379158
0.432624
0.267046
-0.234162
0.20385
0.103825
0.295735
0.661789
0.193142
-0.833903
0.0160217
0.171297
0.0203831
0.244573
-0.213913
-0.101756
-0.00069596
0.0270327
0.440368
0.578019
-0.000281488
0.00924877
0.177363
0.245585
0.0432509
0.294178
0.562986
0.245438
0.0383288
0.417861
-0.0994748
-0.274482
0.618107
0.293604
0.00471278
-0.21364
-0.256392
0.0148023
-0.145798
0.350864
-0.235055
0.0206856
-0.500178
-0.502658
0.0812648
0.156156
-0.222371
-0.691102
-0.232262
-0.039914
-0.112626
0.48661
0.313657
0.25182
-0.367415
0.0838768
0.3802
-0.161844
-0.262251
0.307514
0.103851
0.00139673
-0.156103
0.246832
0.32869
0.341275
0.0812365
-0.423323
-0.167992
0.0527849
-0.185722
0.308842
0.593171
0.00897206
-0.110626
-0.294138
-0.378724
-0.672828
-0.101893
-0.308544
0.192968
0.149101
0.336528
0.0354784
-0.0706248
-0.0888872
-0.397768
0.202738
0.297851
0.00139546
0.0645533
0.0140901
-0.0563592
0.156636
0.06781
-0.0773516
-0.193007
0.329577
-0.538637
-0.0284316
0.185507
-0.211423
0.217941
0.109967
0.184792
-0.0743015
-0.265242
-0.221678
-0.0223793
-0.31145
0.022371
0.266941
0.126765
0.19828
-0.199821
-0.0460175
-0.0795724
-0.2473
-0.268324
0.100174
-0.128402
-0.0540802
0.0129049
0.0210003
-0.336906
-0.636733
-0.50902
-0.354769
0.0567761
0.106325
-0.535227
-0.130762
-0.107193
0.0377221
0.75341
-0.340892
0.184994
0.216768
-0.0801323
-0.0727222
0.24761
0.215144
-0.135158
-0.562962
0.00245985
0.176366
0.020669
-0.307638
0.0522619
0.305211
0.537538
0.563363
0.755125
0.374045
0.0131305
-0.0784281
-0.20254
-0.109029
-0.066167
0.253667
0.0462065
-0.494059
-0.322588
-0.348193
0.12266
-0.345661
-0.202646
0.331381
-0.192279
-0.148732
0.0625541
0.174298
0.198836
-0.040686
-0.164248
-0.193389
0.374323
-0.0963054
-0.770809
0.0177919
0.0465895
0.221807
-0.16082
-0.106879
-0.337126
0.0155465
-0.306745
-0.114271
0.307186
0.0152667
0.00464698
0.476448
0.191925
-0.102127
-0.152946
-0.014476
0.38796
0.000900943
0.0990061
-0.166252
-0.029122
0.27315
-0.468812
-0.0330965
0.128322
0.132702
0.12869
0.429035
-0.642555
-0.128053
0.168183
-0.419046
-0.542414
0.0745219
0.283525
-0.294866
-0.151576
0.660615
0.577213
-0.0487649
0.209977
0.0401614
0.160547
0.0384184
0.414739
-0.141718
-0.204206
0.214845
-0.0276299
-0.295264
-0.380615
0.316615
-0.131859
-0.508518
0.177662
0.170042
-0.407216
0.303184
0.603948
-0.029098
0.064042
0.103404
-0.165121
0.148783
-0.102758
-0.215009
-0.244294
-0.376538
0.0535619
0.116436
-0.369516
0.190509
0.0517248
-0.304807
-0.336861
0.333339
0.50116
0.28841
-0.40634
-0.312529
-0.0888044
-0.164095
0.0849721
0.141083
0.379979
-0.548415
-0.155687
0.162543
-0.0354593
-0.127437
0.0132707
0.291298
0.152931
0.344772
-0.274957
-0.285971
-0.430373
-0.0582065
-0.610856
-0.42322
-0.129372
0.099177
0.0888349
-0.636942
0.166848
-0.321505
-0.293483
0.25332
0.049396
-0.325932
-0.115799
0.660703
0.472568
-0.172315
0.0833746
0.0733861
-0.0835464
0.0435588
-0.0187628
0.425432
-0.0519178
0.174581
0.099895
-0.335105
-0.333773
0.0768625
-0.271368
0.0362168
0.0548746
0.208337
0.304518
0.269944
-0.0631045
-0.170095
0.141063
0.165078
0.338254
0.0377273
0.288094
-0.0534457
0.0255746
0.313296
0.14998
0.10692
0.00133347
-0.0886898
0.120525
-0.383519
0.330863
0.583765
-0.3985
-0.368485
-0.557562
-0.410511
-0.036548
-0.337594
-0.390758
-0.0784501
0.208616
0.175299
0.379034
0.479329
0.008318
-0.106838
0.222945
0.00984805
0.106911
0.16617
0.0257309
0.278926
0.0495652
-0.112253
0.224226
0.264985
