0.0752272
-0.0850762
0.450052
0.159331
0.151227
-0.360753
-0.16683
0.0143345
-0.0470456
0.10941
0.289971
-0.21998
0.0433771
0.126931
0.319824
-0.539853
-0.0511052
-0.71085
-0.512994
-0.0814482
-0.41226
-0.0628917
-0.110074
0.011648
0.485875
0.277277
0.463109
0.22543
-0.122605
-0.0130045
-0.557601
0.055005
0.230864
-0.463928
-0.222395
0.221113
0.22325
-0.156591
0.0595202
-0.269086
-0.0570566
0.132292
-0.179581
0.236125
0.0565861
0.255211
-0.0124652
0.154823
0.255193
-0.256926
0.0246307
-0.329346
0.290688
0.191165
0.190254
0.141683
-0.458923
0.0916496
0.202129
0.136594
0.44188
0.253075
-0.0927537
-0.288974
-0.0412353
0.152155
-0.155201
-0.404128
0.219459
0.0460553
0.121973
0.0960769
0.16241
-0.193121
0.325987
0.304537
-0.363878
-0.0442778
-0.376486
-0.337768
-0.168866
0.247692
-0.0767785
-0.0227611
-0.0733886
-0.00695118
-0.0155251
-0.163195
-0.33274
0.426278
0.0847957
0.0583137
-0.0694806
0.20022
0.377325
0.367412
0.279377
-0.0776822
0.435712
0.0617849
0.0176944
-0.443215
-0.358147
-0.149145
0.102333
0.154179
0.442584
0.0450927
0.0603126
-0.0141434
-0.262013
0.109078
0.294951
0.237272
-0.0922043
-0.187509
0.192316
0.214191
-0.0126629
-0.0799728
-0.0624465
0.0133646
0.0220663
0.0665104
-0.395094
0.0102206
-0.0625125
-0.0892302
0.427038
0.147138
-0.0884585
-0.0834644
-0.384434
-0.235386
-0.150037
0.155472
0.154137
-0.0321269
0.0924339
0.0570791
0.288542
0.342378
-0.0439776
0.218271
-0.0730799
-0.0296038
0.0212132
0.189269
0.00407723
0.0877633
0.474965
0.248502
-0.112258
0.154303
0.179833
-0.017568
0.28052
0.541722
-0.347525
0.0444531
-0.290758
0.239672
0.108656
0.101648
0.102153
0.0154609
-0.0349941
0.157469
-0.164383
0.176467
-0.354048
-0.0287826
0.177472
0.122141
0.0225821
-0.0484495
-0.0396258
-0.123952
-0.434335
-0.090026
0.0818766
-0.103188
-0.115076
0.0423417
-0.168179
-0.0483708
0.310713
0.235495
-0.16301
-0.259575
0.0388644
-0.0847078
-0.0614129
0.121744
-0.127469
-0.0241819
-0.378034
-0.135057
0.155168
0.457108
0.0742732
0.300044
0.0255743
0.317745
0.201765
0.00597806
0.541342
0.332191
0.12431
0.517003
0.450155
0.0209387
-0.272576
-0.0953464
-0.229097
-0.0855823
-0.307581
-0.110839
0.555794
-0.012316
0.426965
0.099039
0.0611752
-0.216183
-0.199716
-0.0170267
0.0431077
-0.0126761
-0.186454
0.0676276
0.182892
0.232515
0.230693
-0.183389
0.0765826
0.0695652
0.0133756
-0.22085
-0.170082
0.149854
0.192499
-0.294287
-0.284093
0.356587
-0.0131751
0.0431837
0.339057
0.378212
-0.164536
-0.220076
-0.184017
-0.0506071
-0.00506895
-0.260165
0.0187944
0.195419
0.222617
0.0563826
-0.0409897
-0.350258
0.0806919
0.188698
0.123055
-0.161927
0.0664237
0.164057
0.0872279
0.0730952
0.364692
0.405906
0.00764887
0.066233
0.0497121
0.0394671
0.238733
-0.249798
-0.0876442
0.169014
0.0695872
-0.0141231
-0.140951
0.0755167
0.0671615
-0.231107
-0.596111
0.235024
-0.178087
-0.239682
-0.0222852
-0.481726
-0.267549
-0.212482
-0.22245
0.0552823
0.312018
0.0933071
0.423955
0.494616
0.197514
-0.0682655
0.375214
0.23074
0.351838
-0.114042
0.0496369
0.0148228
-0.542366
0.22929
-0.062371
-0.197653
-0.290703
-0.394142
-0.315128
0.0478407
0.352446
-0.0741409
-0.0698397
0.145585
0.165196
-0.0493404
-0.142533
0.408677
-0.0931348
-0.642939
-0.412284
-0.0190994
0.181118
-0.00607812
-0.034026
-0.0192481
-0.0950096
0.265468
0.397863
-0.0252149
0.279888
0.310574
0.0806336
0.146416
0.190847
0.0870537
-0.122044
-0.230584
0.126803
0.00615045
0.168045
0.115612
0.0378675
0.0135556
0.170126
0.0991808
-0.0470148
0.0137622
0.248588
0.0819733
0.0491411
-0.0177649
-0.0908235
0.218411
0.435281
-0.0519824
-0.0337172
0.228958
0.0308144
-0.267537
0.0143059
-0.25766
-0.108475
-0.137718
-0.130874
-0.0639604
-0.191946
0.324072
0.451628
0.158909
-0.00113488
-0.170632
0.14916
0.00721794
0.0434144
-0.046115
-0.158072
-0.138847
-0.521041
0.00919217
-0.0224513
0.176599
0.736809
0.0561818
0.122375
-0.0782531
0.243617
0.000515696
0.0516638
-0.319739
-0.64765
-0.117408
0.00856299
-0.00331627
0.10061
-0.332026
-0.141048
-0.0504077
-0.0700936
-0.229821
-0.265071
0.223649
0.32901
0.187366
0.547973
0.134073
0.105956
0.289711
-0.031061
0.299617
0.240039
0.26788
0.357325
-0.33367
-0.242978
-0.193421
-0.183361
-0.280447
-0.42877
-0.284337
0.043529
0.191618
0.447941
0.12951
-0.100594
-0.372407
0.0565858
0.569738
-0.366703
-0.129275
-0.296738
-0.14999
-0.0516951
-0.0349236
0.0150843
0.00712205
-0.038831
-0.0384335
-0.193424
-0.00277137
-0.234425
0.0649483
0.0714379
0.11523
-0.0061827
-0.178587
-0.0535133
0.236132
0.233279
0.205923
0.488221
0.00793081
0.178846
0.0609907
0.154355
0.419097
-0.105997
0.267625
0.0109604
-0.0910504
0.136299
-0.090647
-0.164528
-0.373367
0.288995
0.105876
0.1833
0.337069
0.291211
-0.124278
-0.00249927
-0.37407
-0.085956
-0.0332458
-0.0980615
-0.0132569
-0.614791
0.0532408
0.389712
0.0350768
0.410592
0.124482
0.069277
0.32913
-0.0462136
0.320657
-0.359966
-0.298822
0.127841
0.265146
0.122882
-0.0700375
-0.0964734
-0.149434
-0.160343
0.167199
0.206757
0.000111475
-0.237411
-0.157201
-0.111988
0.00244102
0.165325
0.0660485
-0.570344
0.0707956
0.42636
-0.0926731
-0.672765
0.246471
0.0161203
0.251028
0.0527525
0.208596
-0.0492008
0.283936
0.242728
0.0586508
0.216897
0.40734
0.306698
0.384306
0.252505
-0.0938509
0.0873749
-0.0879089
-0.453609
-0.2666
-0.368271
-0.184085
0.172833
-0.241382
-0.250699
0.174514
0.267709
-0.141331
-0.0482042
0.0299051
0.098184
0.0146263
0.0287578
0.286227
0.176325
0.0549194
-0.00854493
0.112896
0.000676116
-0.0437079
-0.170514
0.18898
0.311323
0.32449
0.055854
-0.0727302
-0.172839
0.595815
0.233364
-0.0561077
-0.137692
0.0792281
0.445223
-0.0806551
-0.232579
0.205081
0.18899
-0.0974106
-0.0157675
0.29901
0.125507
0.0580133
-0.149602
0.109987
-0.0886333
-0.340169
-0.0914286
-0.00273197
0.154076
0.0358258
0.00890608
0.392495
-0.0353129
0.47446
0.450043
-0.074555
-0.492343
0.154673
0.0335288
-0.0240109
-0.142644
-0.145767
