0.0149769
-0.0655447
0.14016
-0.253494
0.163054
0.693321
-0.594926
-0.0626851
0.727053
0.218321
0.0731098
0.0152
0.0737733
-0.211952
-0.0925922
0.174875
0.315752
-0.0541066
0.027524
0.384146
0.00243787
0.29267
-0.270814
0
0
0.362554
-0.104319
-0.0204962
-0.2948
-0.444121
0.121522
0.584686
-0.10867
-0.271963
-0.267157
0.520854
0.549612
-0.179157
-0.480789
-0.709825
-0.405904
-0.467392
0.234574
-0.0928017
0.141572
0.196351
0.278358
0.670979
0.405296
0.308454
0.190615
0.236781
-0.0268798
0.863983
0.402574
0.0244357
0.0507163
0.090396
-0.0769456
-0.447408
-0.0192956
-0.240655
-0.095968
-0.228834
-0.0860107
-0.371481
-0.143508
-0.371598
-0.0947898
-0.0327795
-0.352536
0.00661879
-0.13079
0.0435226
0.481778
-0.265432
-0.105841
0.195551
-0.20364
-0.118177
0.332484
0.249665
-0.120189
0.0247561
0.10233
-0.0356301
0.0839533
-0.0326621
-0.0194999
0.00618191
-0.0674331
0.14182
-0.0405077
0.216685
-0.279989
-0.0570971
-0.316505
0.205404
0.137093
-0.173738
0.123869
0.00988533
-0.722946
0.19116
-0.0100247
0.231189
0.011021
0.175811
-0.34229
0.12686
-0.130832
-0.0939429
0.400389
0.32753
0.221517
0.024377
-0.25288
-0.167359
-0.127311
-0.0885488
0.107486
0.372607
-0.0993305
0.158286
0.236862
-0.11735
-0.0411159
0.0247613
-0.0264026
0
-0.138467
-0.0341089
0.352344
-0.0573551
0.0159722
-0.234341
-0.323189
-0.26244
-0.144947
0.0551283
0.264503
-0.127173
0.133322
0.139167
0.254982
0.264459
0.0925444
0.0324435
-0.214024
-0.115178
-0.432382
-0.0825118
-0.296569
0.114585
-0.0808474
-0.225523
-0.262091
-0.288955
-0.139846
-0.107775
-0.287175
-0.231121
-0.0150654
-0.00849766
0.0347028
0.0230384
-0.231054
0.289823
0.177723
0.136463
-0.256684
-0.198844
-0.0949457
-0.324262
0.0766691
-0.242881
0.194742
0.0859943
0.175488
-0.287758
-0.398004
0.0552422
-0.093838
-0.151078
0.0548893
0.0977852
-0.389192
-0.047786
-0.101623
-0.201824
0.0227352
0.0015098
-0.122303
-0.0437769
-0.407877
-0.0302898
0.156318
0.114148
0.195749
0.410254
-0.0185549
0.0300925
-0.149255
0.30922
-0.270931
-0.214493
-0.0510841
0.0554808
0.0775889
0.0400144
-0.196563
0.227439
-0.0362781
-0.601981
-0.296838
0.207074
0.274414
0.12573
0.310904
0.267367
-0.571685
-0.663877
0.362741
0.140993
-0.0412212
0.0637561
-0.228192
-0.287949
-0.286764
-0.411495
-0.411506
-0.0606799
0.38398
0.555241
0.531404
0.137869
-0.274879
-0.0800676
-0.157792
0.107474
0.160282
0.0246612
-0.00619615
-0.0708922
-0.233374
0.126002
0.0072474
-0.288994
-0.310141
0.448588
0.2942
0.353612
-0.00105428
-0.245026
-0.303512
-0.0701592
-0.0121157
-0.247069
-0.225198
-0.0291673
0.37062
0.188909
0.03876
0.267169
-0.10846
0.108909
0.289855
-0.359876
-0.171065
-0.264988
0.0436514
-0.153525
-0.188604
0.0498129
-0.0822318
-0.239405
0.161847
-0.0802053
0.190769
0.069709
0.145214
-0.132299
-0.15023
0.0159624
0.00905101
0.568818
0.281433
0.109751
-0.487922
-0.268015
0.0842542
0.243158
0.193528
0.13727
0.120558
-0.0784328
-0.481597
-0.296072
-0.698326
-0.406138
-0.358282
0.00298075
0.25768
0.104433
-0.101093
0.0402083
-0.533528
0.0147058
0.513446
0.710206
0.30955
0.0634839
-0.363431
-0.205878
-0.296316
0.06774
-0.0203611
-0.01643
0.131019
0.122627
-0.243571
0.295766
0.0900083
-0.20104
0.177443
0.475195
0.3439
0.0777893
-0.0687725
0.225004
0.105089
0.068786
0.0516789
-0.221855
-0.0203744
0.180704
-0.41838
-0.231337
-0.02733
0.0333352
0.17592
-0.225914
-0.186037
0.043639
0.425268
0.289212
0.0514957
0.252429
-0.191053
0.0554395
0.542015
0.225838
0.0347392
0.00617299
-0.19785
-0.229417
-0.200335
0.0369073
-0.277182
-0.14747
0.104621
0.126003
-0.188193
0.160246
-0.0974073
0.369696
0.0161303
-0.364565
-0.0614419
0.225677
0.165423
0.126388
-0.309331
0.0345794
-0.211982
-0.0615258
-0.319006
0.101153
-0.374427
-0.25954
-0.0435328
0.123725
-0.0831455
0.0725166
0.124033
0.333836
0.150904
-0.218612
-0.199244
0.0255883
-0.275114
0.0541571
-0.364896
-0.526891
-0.150495
0.174064
-0.0967906
-0.191251
-0.0501883
-0.168368
0.289936
0.395624
0.0980595
0.0155081
0.0949545
0.316013
0.092049
0.182043
-0.061613
0.322575
-0.16805
-0.0756497
-0.142608
0.439619
0.376163
-0.0118471
-0.469939
0.2193
0.0235584
0.290641
-0.0952004
0.063061
0.039173
-0.40962
-0.215375
0.376739
0.405069
0.393352
-0.15553
0.0553577
-0.112674
-0.0722404
-0.0833273
-0.145977
-0.296712
0.045984
-0.233231
-0.278159
-0.373483
-0.174333
-0.300427
0.228566
0.264154
0.0963285
0.287973
0.0529295
-0.0147157
-0.281647
-0.138187
-0.555416
-0.116491
0.289654
-0.0428756
0.0674704
-0.0041177
0.0265167
-0.454771
0.123047
0.193031
0.0818822
-0.408637
0.0457548
-0.142124
-0.168689
0.284055
-0.200215
-0.238315
-0.203232
-0.152784
-0.0369261
0.102349
-0.069127
-0.111741
-0.29926
0.75957
0.519746
-0.0419173
-0.206597
-0.265808
0.0464199
0.203036
0.393687
-0.193461
-0.0999553
-0.264201
0.193524
0.210624
0.433331
-0.402055
-0.363215
0.00042394
-0.258204
-0.689668
-0.400791
-0.389995
0.227965
-0.0233763
-0.0235274
-0.457953
-0.290631
-0.121651
0.0335392
0.290541
0.0165577
0.163144
0.00537103
0.220371
-0.0449959
-0.334873
-0.0356169
-0.201316
-0.151111
0.0721031
0.11803
0.187596
0.226534
0.518296
0.664176
-0.00472294
0.0955947
-0.257201
0.0334248
-0.0100804
0.0116737
0.0918826
-0.324784
-0.0381291
-0.0749736
-0.183967
0.239591
-0.0101042
-0.0944612
-0.0276842
0.234359
-0.087079
-0.230697
-0.00148229
-0.253923
0.0961066
0.538679
-0.000265467
0.103854
0.277012
0.423887
0.60488
0.319707
0.264927
0.131981
-0.0223081
0.0216994
0.0226457
0.0240686
0.0604591
0.14268
-0.0958495
0.165662
-0.301364
-0.494563
-0.279882
-0.529745
-0.0528331
0.0973026
-0.0633738
0.0196247
0.115307
-0.0506355
-0.289243
-0.265577
0.329849
-0.150579
0.236354
0.119472
0.376215
-0.0863223
0.182347
0.15639
0.0151098
-0.329259
-0.0540769
0.0146852
0.233573
-0.0590819
0.0168389
0.0115669
-0.273792
0.0679499
0.506897
0.522814
0.126343
-0.2558
0.43005
0.156932
0.349163
-0.436184
