0.467084
0.441151
1.04182
0.309209
0.425053
-0.278749
-0.715362
-0.47319
0.208866
0.252168
0.142548
-0.0723137
-0.290669
0.42135
0.25196
0.193612
0.423899
0.240239
-0.234564
-0.303274
0.196803
0.428866
0.0681118
0.0953369
0.700579
0.224065
0.368474
0.414255
0.0535138
0.972842
0.129558
0.094277
0.261802
0.490989
0.0490759
0.182231
-0.0863885
-0.241388
-0.596849
-0.410246
-0.0644067
0.0837922
0.241796
-0.160218
0.107893
0.413643
0.322725
0.704716
0.483696
-0.376447
0.4348
-0.0445331
-0.519653
0.375635
-0.105547
-0.136967
0.0979462
0
0
0.626903
0.492808
-0.0763745
0.328995
0.192189
-0.0762514
0.107862
-0.253958
0.405886
-0.432952
-0.113518
-0.285837
0.0871838
0.535873
0.260955
-0.349734
-0.18385
-0.228872
-0.139031
0.462769
0.518749
0.0136071
0.27043
0.151862
0.230881
-0.451026
-0.103121
-0.0764734
-0.132369
-0.288525
-0.183376
0.0334635
-0.536886
-0.077855
0.461598
0.254747
-0.317649
0
0
0.628299
0.285905
0.0117603
0.343189
-0.183444
-0.372517
0.109892
0.269476
0.430902
0.225024
0.20713
-0.355558
-0.103202
-0.14687
-0.105334
-0.153878
-0.05355
0.212295
-0.266987
-0.17423
-0.098642
-0.251345
0.0615969
-0.258932
-0.0978742
0.0814071
0.492821
0.270819
0.134425
-0.0815565
0.133686
0.634182
0.528182
0.301979
-0.213542
-0.107616
0.579139
0.174039
-0.581798
-0.532561
0.313247
0.106222
0.0136359
0.569504
-0.0374653
-0.0567453
0.294968
0.388492
0.0995288
-0.139281
-0.174832
0.445371
-0.501964
0.888881
0.822354
0.773433
0.282699
-0.538309
-0.309229
-0.573257
-0.249512
0.122734
0.222897
0.309144
-0.346166
0.180663
-0.0731918
0.0666807
0.418118
-0.315877
0.0430572
0.148616
0.00892635
-0.224531
0.253663
0.517771
-0.361393
-0.537766
0.246826
0.547364
0.424953
-0.196264
-0.1173
0.113444
-0.474567
-0.0643315
0.63289
0.124238
0.0886389
0.345251
0.298494
0.508049
0.7604
0
0
0.571548
0.0140499
-1.11662
-1.08394
-0.432682
-0.0509998
-0.477574
0.0788676
0
0
0.224757
0.214944
0.0126309
-0.165439
0.198452
-0.011976
-0.287907
-0.130932
-0.47248
-0.205797
0.34108
-0.0753025
0.274719
0.489194
-0.548816
0.718122
-0.358748
0.0299415
-0.0236943
0.277315
-0.109906
-0.134786
0.0116208
-0.123348
-0.232131
0.317619
0.598523
-0.234671
0.562501
0.142034
0.234232
0.0848433
0.517955
0.015667
0.284238
-0.108367
-0.555056
-0.39568
0.392059
-0.00990547
0.565765
0.555778
0.925294
-0.0660568
-0.0475504
0.121676
0.0859008
0.250343
-0.128916
-0.475599
0.0824247
0.544427
-0.290871
-0.187916
-0.0351455
0.385091
-0.189209
0.314051
-0.28229
-0.130732
0.699892
0.0432928
0.0172209
0.0420607
0.0287194
0.0154985
0.248145
-0.252913
-0.205651
0.166647
0.453646
0.412748
-0.0978766
-0.6786
-0.135512
0.286717
-0.00536123
-0.572346
-0.0468708
0.259415
-0.0051843
0.245078
-0.396716
-0.277189
-0.104019
0.265783
0.349447
0.150611
0.0866108
0.215828
0.530276
0.137822
-0.865302
-0.0658772
0.97095
-0.613595
-0.464833
-0.300386
-0.102015
-0.164243
0.813264
0.886746
-0.653811
-0.680714
-0.315918
0.171496
0.109845
0.385956
-0.241266
-0.280237
-0.323329
-0.442487
-0.383637
-0.129458
-0.0290645
0.143176
0.458891
0.393213
0.0292282
0.339409
-0.301901
-0.138268
0.547494
0.220386
0.141128
0.554742
0.747238
0.292738
-0.0445309
-0.224904
0.581262
0.2492
0.506173
0.158093
0.207007
-0.472909
-0.261126
-0.364387
0.0992088
0.415013
-0.450092
-0.198102
0.0347326
0.360925
0.39713
0.434096
0.30459
-0.0564813
0.244861
-0.468687
-0.608474
0.0608573
0.26024
-0.0479757
0.428685
0.174941
0.00214199
0.0739593
0.147136
0.580117
-0.110424
-0.520185
-0.305704
0.338189
-0.0873307
0.0293265
0.275628
0.472538
0.374123
-0.0358483
0.579474
0.565893
-0.830927
-0.782064
-0.217839
0.0693576
-0.399344
-0.0941754
-0.2309
0.0110269
0.217705
0.456041
0.225837
0.0571541
-0.141068
0.387105
0.635048
-0.098439
-0.0936057
0.0305885
0.244863
0.196139
-0.363007
-0.496069
0.131108
0.0601307
-0.086079
-0.131561
-0.162599
-0.348817
0
0
0
0
0
-0.797535
-0.645121
0
0
0.668355
-0.26615
-0.922194
-0.102801
0.397164
0.52487
0.264602
0.704427
0.411962
-0.228202
-0.28941
0.454166
0.0362496
0.414272
0.127946
-0.00546064
0.321903
0.101079
-0.544862
-0.485806
-0.253674
0.391617
0.351325
-0.867044
0.161223
-0.329985
-0.438708
0.729295
0.923838
0.50654
0
0
0.204398
0.269073
0.809103
0.158859
-0.249203
-0.077552
-0.27587
-0.582272
-0.0840559
-0.0027752
-0.0596521
-0.408376
-0.00320483
0.127139
-0.0578214
-0.101702
0.30795
-0.00138772
0.209343
-0.172908
0.124013
0.6688
0.164106
0.399231
0.0479586
-0.113547
-0.113598
-0.500056
-0.184096
-0.221735
-0.67947
-0.0859634
0.46604
0.587252
0.687791
0.209449
-0.187654
0.124965
0.177666
-0.104962
-0.161457
-0.0691038
-0.257533
0.380576
0.387337
-0.393275
-0.470735
-0.0266
-0.00471293
0.00258039
-0.194185
-0.0888077
0.0302778
-0.149113
0.100489
-0.0306645
-0.247604
0.19831
-0.28062
0.256702
0.56264
-0.121001
0.0426441
0.0350668
0.266057
0.0367877
-0.0428768
-0.108438
0.561039
-0.0508659
-0.306594
0.419264
-0.20616
-0.343305
-0.619427
0.0477664
0.474773
0.39257
0.000459226
0.229763
0.240478
-0.346429
-0.0309618
0.292942
0.308452
-0.198976
-0.43333
-0.0803403
0.202686
0.239521
-0.861933
0.28838
0.49121
-0.237751
-0.11724
0.269327
0.2284
-0.326875
0.221965
-0.474901
0
0.0970708
-0.0945631
-0.08119
-0.339454
-0.224439
0.129683
0.106381
0.230352
0.241508
0.197575
0.485909
0.370711
0.474811
-0.164245
-0.050105
0.357947
0.672192
0.238933
-0.810474
-0.67962
0.354422
0.23349
0.0149782
0.380756
0.0297272
-0.144466
0.132381
0.0879184
0.000695057
-0.117858
-0.121378
0.130537
-0.014282
-0.57739
-0.292357
0
0
1.98284
-0.347498
-0.295227
-0.401861
0.214662
0.08372
-0.493628
-0.502602
0.128739
0.291979
0.483417
-0.0295437
