0.172902
0.166208
-0.102654
0.0107081
0.0303636
0.0267034
-0.0815507
-0.00207813
0.213161
0.0797798
-0.282328
-0.287518
-0.113169
0.181881
0.0176367
-0.189348
-0.197824
0.101498
0.00682118
-0.0453282
0.07264
-0.0422911
-0.0981377
0.0833339
-0.0510842
-0.287894
0.255712
-0.133225
-0.156918
-0.0368595
-0.223079
-0.179998
0.346798
0.513341
0.066878
0.296453
0.188497
0.0799006
0.262244
-0.0511938
-0.159325
-0.267352
-0.0868016
-0.0127937
0.129912
-0.0373781
-0.256825
-0.028284
0.205129
0.0780033
-0.120332
-0.198217
-0.380117
-0.028147
0.089132
-0.0512431
-0.19248
-0.00953057
-0.415474
-0.0721643
-0.136034
-0.172931
0.315622
0.304026
0.493821
0.116178
-0.119077
0.145709
-0.573571
-0.277756
-0.107883
0.395806
0.142557
-0.277408
-0.0382259
0.414183
-0.019278
0.11667
0.101654
-0.150055
-0.295897
0.0136115
0.013912
-0.206726
-0.384169
0.111593
-0.0326447
0.0811402
0.225207
0.612921
0.122947
-0.0130952
-0.17851
-0.0865014
0.149724
-0.164406
-0.0666701
0.18912
0.27812
-0.0343303
-0.0312721
-0.144755
-0.0756272
-0.0418773
0.281106
0.287949
0.0183237
-0.0741408
-0.046691
0.0720212
0.0690889
0.0757602
-0.0959871
0.00663237
-0.282222
-0.0184207
-0.121609
-0.0509007
-0.207152
-0.0747077
-0.239217
-0.40337
-0.158349
-0.378218
-0.057114
-0.0641468
-0.00122748
-0.238709
0.00148343
0.0345654
-0.102021
-0.0871273
0.182294
0.35898
0.380378
0.247519
-0.275124
-0.0150287
-0.0655954
0.104215
0.293148
-0.0140297
0.144646
-0.226286
-0.32825
-0.0529013
-0.0928536
0.081942
0.226568
-0.326571
-0.060873
0.142518
-0.105405
0.00472311
-0.0193186
0.0187042
-0.1682
-0.0716781
-0.119116
-0.066162
-0.108494
0.0644978
-0.118237
0.116437
-0.104176
-0.396077
0.00716834
-0.0450068
0.290827
-0.186742
-0.00217402
0.229693
0.154252
-0.0220039
0.0672322
-0.0444221
-0.247675
-0.112916
0.192383
-0.331346
-0.0582288
0.451335
0.0295658
-0.11318
-0.1644
0.0724063
-0.111584
-0.07461
0.0775635
0.0792668
0.0892773
-0.0116797
0.0413745
0.0359754
0.0695358
-0.237833
-0.0792119
0.0551254
0.336971
-0.0537069
-0.270084
0.0169491
-0.168616
-0.181975
-0.237256
-0.0235197
0.133854
0.314979
0.128855
-0.0712707
0.198293
0.366516
0.135113
0.124605
0.207465
0.13795
-0.194024
0.087694
0.135768
-0.0403472
0.136175
-0.0848188
-0.190599
-0.216414
0.0313181
-0.211672
-0.270319
-0.0748652
0.081049
0.522187
-0.20427
-0.143838
0.267578
0.132625
0.0571268
-0.11218
0.135523
0.0620573
0.0787805
-0.131003
-0.323698
-0.281776
0.0109388
-0.056608
0.201486
-0.0747204
-0.158376
0.132577
0.133421
0.0746453
0.141315
0.18561
-0.0911039
0.235032
-0.0298899
0.0538778
-0.0875716
0.0107742
0.202062
-0.0641587
-0.2807
0.0513233
-0.0335841
-0.10395
0.0984345
0.026745
-0.0214053
0.0116162
-0.090263
-0.0655009
0.109412
0.274294
0.207779
-0.00383595
-0.216601
-0.221361
-0.0451079
-0.18499
-0.108435
0.00147883
-0.186558
-0.185975
0.0851352
0.322503
-0.0228794
-0.0294395
-0.228539
-0.165312
-0.520722
0.11425
-0.136213
-0.0299867
0.120989
0.137592
0.0311772
0.235717
0.0118146
-0.0463226
-0.125689
-0.0651986
-0.135056
-0.182825
-0.0751206
-0.0657505
-0.0967944
-0.0767377
-0.0393565
0.0281288
-0.178356
-0.154081
0.00942873
0.00612122
-0.0272095
-0.0716001
0.316011
-0.0684773
-0.00944955
0.179718
0.0135882
0.229058
0.217772
-0.0427193
0.0187809
-0.0866703
0.153768
-0.155738
0.0137815
0.0270526
-0.219494
-0.0655107
0.222409
0.0755865
-0.00723079
-0.239514
-0.157362
-0.0155523
-0.0683129
-0.107138
-0.0578328
0.397857
-0.0274935
0.118245
-0.129052
-0.192443
-0.055031
-0.00466384
0.150146
0.253081
0.0389484
0.171583
-0.19631
0.23379
-0.0615665
-0.106698
0.142327
-0.0659585
0.0640474
-0.144353
0.0904903
0.162527
0.316657
0.46476
0
-0.0891689
-0.0912329
-0.128585
-0.118572
-0.0895915
0.0331871
0.113681
0.147831
-0.239832
-0.336921
-0.13963
-0.0613371
-0.0827755
-0.274314
-0.449604
-0.117922
-0.138925
-0.071173
-0.272231
-0.292112
-0.19098
-0.131847
0.0352728
-0.343001
0.0969499
-0.0603678
0.0293128
-0.16259
0.110308
-0.250938
-0.137769
-0.182198
-0.00533154
0.0620268
-0.0679281
0.103436
0.0351886
-0.0513199
0.20231
-0.0101221
-0.15323
0.00979371
0.126276
0.0974363
0.254022
0.0677179
0.00791309
-0.179497
0.0528149
0.112907
-0.0503921
-0.13852
0.120556
0.26913
0.0574373
-0.159587
0.182282
-0.222522
-0.196936
-0.0657644
0.123786
0.064105
-0.0783595
-0.0800423
0.0213086
0.136064
0.0154294
0.0932169
0.0668685
0.0550949
-0.140167
-0.0646726
0.289448
-0.0136764
-0.0630361
0.117205
-0.18699
-0.0745009
-0.126444
-0.113266
-0.0438438
0.172015
-0.00185273
-0.00130521
0.0275149
0.163206
0.0961629
-0.0423782
-0.162106
-0.250976
-0.0244042
-0.171782
0.0643414
0.116603
0.214997
-0.0184992
0.136094
0.332119
-0.0614961
-0.275515
0.151231
0.0845349
0.0163127
-0.197753
-0.398355
0.030569
-0.203295
-0.00960861
0.381451
-0.0814799
-0.148293
-0.00266099
-0.0158259
-0.200994
-0.00985874
-0.239627
-0.101003
0.119199
-0.0848975
-0.0351638
0.215452
0.0241458
0.225285
0.131583
-0.101178
-0.0798101
0.05634
-0.0620854
-0.121145
0.121929
0.0637365
0.0819424
-0.0338976
-0.244475
-0.190096
0.20536
0.0338805
0.114061
0.327918
0.185762
0.307107
-0.0459873
-0.191373
-0.137666
0.0714672
-0.0705933
-0.117021
-0.226526
-0.119164
0.335847
0.0498397
-0.111378
0.0351709
0.0769435
0.300888
0.0409001
-0.0439148
-0.0163813
0.228995
0.300104
-0.0787936
-0.0701919
-0.114558
0.112456
0.142686
-0.167632
-0.0896673
-0.0550999
0.0604286
0.00721913
-0.109867
-0.103906
-0.29038
-0.0600147
0.00457826
-0.0494261
0.0794352
0.0533946
0.275636
0.0116251
-0.0587636
-0.0243918
-0.0346764
-0.238726
0.15744
-0.154432
-0.0366777
-0.00719245
0.0167374
0.289997
0.265412
0.161422
-0.307517
-0.199118
-0.195816
-0.109246
-0.156481
0.11143
0.269559
-0.0416582
-0.156554
-0.0137212
0.323482
0.110184
0.0594491
0.124922
0.074758
-0.156603
0.0694785
0.0758495
-0.0305935
-0.255796
0.00138885
-0.240633
-0.160875
-0.0531245
-0.0383125
-0.024852
-0.0235456
0.143845
0.0823789
-0.186482
-0.169146
0.00543673
-0.151205
-0.403
0.11123
-0.0243135
0.127496
0.18985
0.0872267
