0.24589
-0.228091
-0.150688
-0.364794
0.12235
-0.164779
-0.191427
0.0436611
-0.0806132
0.251708
-0.0142057
-0.459298
0.0377993
-0.00189472
0.231204
0.0824413
0.254151
-0.0571051
0.0370078
0.00236538
0.0198035
-0.251281
-0.239178
-0.259951
-0.324395
-0.370832
0.0353798
0.0587741
0.100168
0.0920525
-0.299025
0.00809667
0.112186
0.128499
-0.0486633
-0.197693
-0.095667
0.201149
-0.226699
-0.146478
0.0544154
-0.0351498
-0.063594
-0.0445462
0.0482458
0.178593
0.519275
-0.173501
-0.16556
0.0734142
-0.0763595
0.0451522
0.0832947
-0.00461935
-0.00281911
-0.114631
-0.240153
0.178282
0.139389
0.152108
-0.184196
0.0159027
0.0642081
0.140085
0.43917
-0.179775
-0.0631504
0.0241567
-0.00175089
0.41841
0.255263
-0.187124
0.00207737
0.113894
0.0540154
-0.0530202
0.422111
0.559336
-0.0299266
0.200607
0.0667106
-0.158653
-0.262015
-0.169547
-0.0393125
0.102729
-0.016706
0.384897
0.0527697
-0.121737
0.00740213
0.0918197
0.149596
0.150831
-0.281401
-0.151966
-0.0492187
-0.108257
0.00587602
-0.120553
0.0476471
-0.298813
0.0780601
0.105361
-0.280796
0.100903
-0.0920251
-0.0541157
-0.350457
-0.0758998
-0.218816
0.227275
0.168063
0.388407
0.247696
-0.00903985
0.0519501
0.148237
0.094988
-0.0615992
-0.123152
0.153484
0.16545
0.0764724
0.0762633
-0.159079
0.109261
-0.110847
-0.411346
-0.213538
-0.228374
-0.0915589
-0.125979
-0.012447
0.0241745
0.107231
0.184359
0.115639
-0.0595328
-0.327037
0.0693035
0.0693274
0.0169176
0.0807243
-0.107166
0.259519
0.0780851
-0.233321
-0.135809
0.0490757
-0.405067
-0.169599
0.147433
0.131949
-0.00196209
0.145498
0.0324829
0.231051
0.0868914
0.422978
0.135289
-0.188354
0.0109203
-0.0674296
0.209042
-0.0327926
-0.228199
-0.0436985
0.546511
0.161279
-0.0432408
-0.32454
0.138668
0.135653
-0.122282
-0.193804
-0.133788
-0.257499
-0.227053
-0.197864
-0.335566
0.113055
0.201324
-0.0617085
0.167953
0.262479
0.134047
-0.160351
-0.284125
-0.0426353
0.054867
-0.256194
-0.386993
0.0369547
-0.212493
-0.017953
-0.143111
-0.433604
-0.00507943
0.137835
0.340718
0.105678
0.124633
0.179062
0.0328775
0.171503
-0.287934
-0.150308
-0.139461
0.161714
-0.0493499
-0.121557
0.0514666
-0.174063
-0.0720317
-0.199799
-0.170306
0.284538
0.116449
0.131803
-0.225668
-0.17027
-0.0777488
-0.157454
-0.443651
-0.0537709
0.261868
0.055057
0.103944
0.308825
-0.0486495
0.16252
0.109635
0.273484
-0.193145
0.223698
-0.136268
0.0722077
0.0206479
-0.23083
-0.626234
-0.0242331
0.0389401
0.17513
0.158446
0.179968
0.13292
0.0949996
0.0274045
0.270997
0.136523
0.0128649
-0.0204044
-0.262923
-0.463227
0.130908
-0.11841
-0.0018713
0.0184354
0.213581
0.0449494
0.178912
-0.0461045
0.0302733
0.145513
0.208698
0.118484
0.176022
0.191644
-0.204839
-0.216487
0.0773446
0.164634
-0.177194
0.144875
0.145466
-0.0817488
-0.0949043
-0.0216951
0.235907
-0.126255
-0.221889
-0.22876
-0.00356485
-0.0608934
0.157905
0.0450302
-0.0863744
0.217354
0.1857
0.216414
0.521526
0.198772
0.148159
0.0902207
-0.139658
-0.0377452
-0.123942
-0.126727
0.0889849
-0.202994
0.0412866
-0.208985
-0.105104
0.125518
-0.0765936
0.0146195
-0.504013
-0.0521988
0.237388
0.162815
0.22866
0.290452
0.445804
0.23846
0.0785757
0.0774723
0.131002
0.106339
0.0405242
-0.00732504
-0.254832
-0.539046
-0.431734
-0.11136
-0.298899
-0.437724
-0.00319246
-0.334293
-0.0486728
-0.0364864
0.0282549
0.0764464
0.112014
0.572684
0.161558
-0.324127
-0.596358
-0.740271
0.356857
-0.0042092
-0.00830694
0.358812
0.138152
0.344714
-0.139297
0.164141
0.33346
-0.261612
0.280066
-0.0482388
0.0724153
0.273238
0.00575817
-0.30063
0.222799
0.285737
-0.229381
-0.269714
-0.168328
0.128046
0.165375
0.241648
0.00703862
0.0501547
0.18688
-0.0639345
-0.00448033
0.295359
-0.184322
-0.263922
-0.275603
0.184232
0.170051
0.0845573
-0.113464
0.531926
-0.0525453
-0.501399
-0.076437
-0.13071
0.0344248
0.0394089
-0.230747
-0.127467
-0.216246
0.218085
0.0580823
-0.245438
0.017994
-0.0284079
-0.062609
0.213831
0.522975
0.293274
-0.236386
0.216928
0.163437
-0.0606463
0.394076
0.142376
-0.0629843
0.266068
-0.0578513
-0.169516
0.10675
-0.0469578
0.086087
-0.0860474
0.0042151
0.0844729
-0.0483495
-0.00482086
0.0810898
0.0693437
-0.161621
0.0171065
0.164246
-0.140086
-0.36361
-0.13058
-0.0314064
0.0565852
0.0707656
0.0285839
0.28808
0.26244
-0.0763616
0.321178
-0.03228
-0.144305
0.0164523
-0.0501259
-0.0407806
-0.0616516
0.163733
0.206395
-0.0584068
-0.0612948
-0.0279032
-0.340544
-0.0412735
-0.185929
-0.148364
0.270247
0.287443
0.251456
-0.164773
0.0161002
-0.091207
0.185092
0.39204
0.563961
0.302737
-0.0471264
-0.19704
-0.0709885
0.100224
-0.0549848
0.073875
-0.170048
0.0956965
-0.00546939
-0.0652687
0.125392
-0.0210941
-0.0802207
0.119605
0.139505
0.265054
0.0755731
0.124466
0.0559075
0.137038
0.0147798
0.0579387
-0.0806707
0.086296
-0.0774132
-0.0265975
0.127662
0.113696
-0.287175
-0.139966
-0.238064
-0.0885048
0.143445
0.0727809
-0.0535935
-0.158227
-0.126311
-0.168731
0.091486
0.354979
-0.0950792
-0.139402
0.187576
0.21915
0.201008
-0.224119
0.116179
0.0296868
0.00208017
0.278472
0.131168
0.231822
0.128521
0.158794
0.296275
0.164743
0.234673
0.347379
-0.167648
-0.403995
0.0513642
-0.191189
0.0716949
0.413051
0.0544062
-0.335959
-0.0319197
-0.153603
-0.110873
0.0185667
0.163404
0.28449
0.217161
0.0135963
-0.00211161
0.308619
0.0364095
0.191801
0.121461
0.104251
0.225003
0.0357462
-0.132722
0.117805
0.094872
0.282439
-0.42854
-0.237033
-0.136499
-0.203813
-0.0645614
0.208592
0.0394074
-0.179093
-0.203736
0.192114
0.0354617
0.0819146
-0.00217037
-0.329383
-0.119404
-0.00255201
0.07289
-0.132928
-0.0278477
-0.0519094
-0.493879
-0.199606
0.224767
0.165295
0.323924
0.150995
-0.0248648
0.0242568
0.176247
-0.22339
-0.101968
0.115298
0.596712
0.158707
-0.0578846
-0.139817
-0.193912
-0.236774
-0.327012
0.19068
0.0516824
0.12727
-0.343506
-0.274202
-0.0796568
-0.0715661
0.205371
0.222899
-0.285709
0.0599901
0.120394
0.217899
-0.118181
0.327308
