-0.234199
0.202822
0.469969
0.0993012
-0.329096
0.0215692
-0.606495
-0.205423
-0.16659
0.1047
-0.286282
-0.748081
-0.124343
0.26681
-0.175733
-0.1613
-0.0457178
-0.121291
-0.176148
0.340828
0.310276
-0.111758
-0.165266
-0.388585
-0.0600338
-0.0648065
0.153568
0.0634388
-0.0272697
-0.432599
-0.107225
0.453312
0.256519
0.388662
0.0607154
-1.01908
-0.0410264
-0.268715
0.351109
0.658805
0.591062
-0.0221227
-0.459232
-0.458837
0.206715
-0.140066
0.191127
0.118376
-0.267423
0.00781231
0.235229
-0.116992
-0.253016
0.202657
0.45361
0.105336
-0.515663
-0.367919
-0.18834
-0.267671
0.0821104
0.140826
0.0264038
-0.00993507
-0.281175
0.135339
-0.0820035
0.0359506
0.144741
0.0390172
-0.177464
-0.461174
-0.26521
0.233736
0.197393
0.00743296
-0.0851376
-0.110467
-0.0176864
-0.0279355
-0.65292
-0.231454
0.0996191
-0.121491
-0.263422
0.200959
0.26131
0.00388398
0.0702533
0.453538
0.195755
-0.237807
0.111395
0.00613593
0.19087
0.232582
0.105643
-0.362322
-0.714178
-0.607763
-0.139862
-0.387429
0.607097
0.397254
0.663587
0.242484
-0.298523
-0.637956
-0.239032
0.248024
0.505823
0
0
0
0
-0.413272
-0.0159226
0.0496188
0.19276
0.0677918
-0.292341
-0.638788
-0.470271
0.0270568
0.447322
0.268608
0.114764
-0.0947601
-0.0675766
-0.133466
0.252059
0.121941
0.265732
0.143632
-0.114085
0.0672839
0
-0.107067
-0.393941
-0.0305498
0.273651
0.211643
-0.0638867
0.0576258
-0.149689
0.0307378
0.257676
-0.234588
-0.583042
-0.914
-0.486866
-0.230023
-0.251437
-0.116386
0.353271
-0.0718292
-0.0302037
0.0744249
-0.464691
-0.808894
-0.172919
0.268092
0.415926
0.507927
0.149482
-0.0854903
-0.15305
-0.334751
0.0397354
0.199509
0.285571
-0.000740069
0.0610395
0.138652
-0.176789
-0.463615
-0.654546
-0.244284
0.281577
0.256102
0.270889
0
0
0
0.460812
0.316371
-0.610309
-0.00319034
0.201949
0.290014
0.00957493
-0.31527
0.107255
-0.287208
-0.267763
-0.245748
0.213104
-0.133649
-0.0350006
0.0317221
-0.271631
-0.343986
0
0
0.222222
-0.0105492
-0.363294
0.182517
0.0534242
0.123251
-0.275967
-0.196606
-0.211559
-0.263491
-0.269594
-0.381036
-0.0299901
0.332135
0.369802
0.100577
0.156137
0.331601
0.13756
0.249257
0.598142
0.025347
0.0523676
-0.104282
-0.146126
-0.413531
-0.215931
0.364782
0.0826995
0.407179
0.777237
0.609131
-0.356851
-0.812225
-0.253435
0.0832508
0.514476
0.519696
0.00695008
0.298494
0.11312
-0.334722
-0.092317
0.0863804
0.493215
0.522757
-0.218648
0.118191
0.0651908
0.313651
0.305864
0.392846
0.0219429
-0.0552817
-0.189603
-0.239817
0.0124517
-0.331957
-0.742568
-0.317341
-0.567218
-0.202537
0.774786
-0.197994
-0.0357836
0.105944
-0.405826
0.112653
0.143627
0.124689
-0.326886
-0.451779
0.186982
0.329072
0.350625
0.166475
0.396231
0.326674
-0.205521
0.245276
-0.0754633
-0.373548
0.219215
0
0.350541
0.0465772
-0.271696
0.228199
0.620835
0.355323
0.175052
-0.0974145
0.027443
0.441012
0.186671
-0.0935852
-0.172559
-0.1133
-0.128781
0.118766
0.12302
0.0938706
-0.0771629
-0.535301
-0.0977025
0.136299
0.189417
-0.0438499
0.0908832
-0.147686
-0.0785156
-0.229555
-0.0267661
-0.209699
-0.787474
-0.477525
-0.141985
-0.0494413
0.103068
-0.154636
-0.0744937
0.314981
0.291318
0.229723
-0.173069
-0.126241
-0.0439706
-0.00581984
0.241476
0.184596
0.134365
-0.000599438
0.182644
0.550392
0.440866
0.499904
0.0545986
-0.669731
-0.213776
0.213659
0.104436
0.0208958
0.34085
0.323462
0.152031
-0.506649
-0.130671
0.118945
-0.173429
-0.302368
-0.260627
-0.43426
-0.149547
0.140681
-0.14249
0.307268
0.196736
0.398808
0.00856166
0.0969876
0.0283825
0.0573799
0.0669161
-0.549922
-0.0375071
0.0221867
0.168188
0.1398
-0.15747
-0.112688
0.00189508
0.183169
0.159809
-0.309849
0.270257
0.406735
0.225444
0.108935
0.478585
-0.139065
0.0575813
0.670022
-0.281184
-0.107903
0.0468977
0.158696
0.189569
0.325714
0.0768752
0.0896773
0.212416
-0.0283697
0.302718
0.143813
0.152712
-0.0273825
-0.0814437
-0.0721312
-0.233888
-0.195393
-0.0592231
0.507705
0.785763
-0.100086
-0.0952113
-0.142631
-0.0541956
0.193626
0.312289
0.189237
0.257814
0.316034
0.123149
0.114189
-0.345718
-0.322897
-0.38674
-0.0606297
0.307565
0.422069
-0.125359
-0.0203348
-0.303001
0.244256
-0.160876
0.329432
0
0
0
0
0
-0.541915
-0.420679
0.0665154
-0.0499717
-0.0575437
0.221536
-0.072481
-0.405715
0.174348
-0.307447
-0.162051
0.113774
0.12526
0.0596055
-0.181607
0.189575
-0.193575
-0.0373102
0.614599
0.484701
0.0618982
-0.0657616
-0.432017
0.131409
-0.0345183
0.457556
0.0761859
0.0464968
-0.234572
-0.0898188
-0.270311
-0.181425
0.20005
0.187046
0.45904
0.583253
0.417338
0
0
0.140213
0.0968019
-0.137257
-0.914367
-0.579883
-0.0168033
0.181285
0.237969
-0.0728705
0.0501942
-0.153514
-0.0411329
0.101616
0.307562
0.699197
-0.454886
-0.41834
-0.810212
-0.0429732
0
0
0.765285
0.275945
-0.0730275
-0.0781506
0.129208
0.0587709
0.287571
-0.459552
-0.14023
0.597615
-0.398199
-0.140499
0.184085
0.00214392
0.0355112
0.121728
0.0599747
0.30534
-0.0609282
-0.431128
-0.199729
-0.220338
0.63233
0.265309
0.0633123
-0.333474
-0.754489
-0.613692
-0.10994
0.21827
0.321155
0.200896
0.195345
-0.00980285
-0.20778
-0.135772
0.625989
0.497098
0.698338
0.369126
0.548901
-0.189828
-0.452316
-0.182218
-0.0589255
-0.285713
0.0255651
0.0795413
0.250036
0.139382
0.90756
0.127384
-0.318574
-0.27502
-0.513187
0
0
0
0
0
0
0
0
0
-0.304635
-0.0556184
-0.327678
-0.154682
0.395317
0.267105
0.189868
0.168981
-0.101055
-0.0810564
0.0165547
-0.0948009
-0.0758703
0.0715962
0.439292
0.225994
-0.0764536
-0.266595
0.101352
-0.0894339
-0.418743
0.215995
0.390964
0.245096
0.414951
0.27965
0.618047
0.0452838
-0.370691
-0.204158
0.30231
0.0389556
-0.353992
0.162335
0.257682
