-0.791796
-0.278722
0.200592
-0.0536961
-0.00472884
-0.43417
0.170811
0.318211
0.256454
-0.246744
-0.182236
3.19423e-05
0.0129013
-0.064491
0.248557
0.381379
0.561939
0.152187
0.0423905
-0.263494
-0.0395582
0.186696
0.308385
0.237246
-0.00354493
-0.245999
0.138736
0.266193
0.244368
-0.199196
-0.227549
-0.153578
0.483964
0.132664
-0.198981
0.00594677
0.172965
0.143064
0.152545
0.503983
-0.000629616
-0.18087
0.144804
0.168784
-0.373927
-0.0350698
0.0578464
-0.112206
-0.127728
-0.198739
0.0374099
-0.0643985
0.488154
0.268724
-0.0354968
0.0560987
0.073503
0.597213
0.237417
-0.0912817
-0.0368647
0.0213838
-0.268848
-0.467902
-0.102982
-0.280774
-0.162039
0.162032
-0.359858
0.0341581
0.0959569
0.167138
0.136587
-0.100987
0.0471854
-0.357748
-0.304421
0.0155472
0.260921
0.305233
0.382747
0.101077
0.240859
0.238562
-0.105074
0.0791193
0.296774
0.229868
0.294375
-0.339546
-0.179192
0.1287
-0.0379142
0.0657182
-0.128412
-0.162976
-0.0363899
0.0305074
0.0741475
0.161912
0.0535918
0.095626
0.110136
-0.0610697
0.602932
0.174214
0.395463
0.044474
-0.378277
0.0139007
0.00727271
-0.550407
-0.3489
0.177317
0.0639863
0.0818211
-0.559499
-0.0905672
-0.00361746
0.307075
0.360791
0.353424
-0.126191
-0.170453
0.0236701
0.0889502
-0.0450914
-0.193895
-0.0286931
0.204214
-0.0422359
-0.178645
0.0142365
0.454313
-0.0017325
-0.382898
0.103767
-0.0392874
0.0408883
0.125903
0.4586
0.466221
0.455315
-0.0213821
-0.125048
0.0606854
-0.0738786
0.12415
-0.324229
0.021069
-0.0815319
-0.111757
0.226236
-0.0816424
0.592328
0.802467
0.0371838
-0.39839
-0.0440952
0.117113
-0.319908
-0.0778426
-0.0157846
-0.368754
0.186592
0.299817
0.0720585
-0.21629
-0.0651129
-0.328094
-0.109973
0.0893943
-0.219572
-0.0363309
0.000872805
-0.0551368
-0.0419679
-0.215535
-0.159003
0.167276
0.0705347
0.172535
-0.0884549
-0.225463
0.169028
-0.187304
-0.138789
0.249848
0.0145518
-0.012955
0.0039069
0.0266441
-0.0154234
-0.0326672
0.309167
0.787332
0.443226
-0.200676
-0.185736
-0.269186
-0.0259683
0.170719
-0.0346864
-0.151864
0.0591079
0.371842
0.0679379
-0.0099555
0.338762
0.171323
-0.00613155
-0.127415
-0.133327
-0.103393
-0.118468
0.0995492
0.162907
0.0665855
-0.383175
-0.385369
-0.122155
0.460272
0.26025
0.222363
-0.44455
-0.00229624
-0.0044525
0.0380316
0.221169
-0.0332809
-0.325331
-0.126791
-0.29915
0.202362
-0.0957583
-0.00780137
-0.31911
-0.251664
-0.0985777
0.46659
0.166395
0.289788
0.560248
-0.0308006
0.284033
0.114289
0.134216
-0.0178702
-0.28992
-0.203399
0.0965499
0.00314321
0.106559
-0.469937
-0.232741
0.237879
0.206353
-0.243028
-0.0770188
0.206488
0.282714
0.176826
0.134119
-0.211445
0.338457
0.00951243
0.069438
0.000398511
-0.0425081
0.0291697
0.159003
-0.119863
0.356391
0.106257
-0.156596
0.321196
0.334068
-0.174211
-0.196517
0.110883
-0.326967
-0.633293
-0.333387
-0.0384867
0.707067
0.283189
-0.34042
-0.165903
-0.0124399
0.270529
0.271809
0.381245
0.257963
0.0691295
-0.00232784
-0.12702
0.182357
0.107304
0.103148
-0.0947601
-0.104737
-0.0630422
-0.161907
0.0287021
-0.105768
-0.2528
-0.112152
-0.0916795
-0.338255
0.135599
0.461608
0.0991499
0.0607622
0.127351
0.268072
0.252093
0.0871367
-0.13886
0.114608
0.501083
-0.305632
-0.419312
-0.060525
0.202954
-0.194079
-0.0788014
-0.11822
0.125058
-0.305892
-0.196986
-0.0896248
-0.104076
-0.248137
0.0863328
-0.0927766
0.0252189
0.232966
-0.0868873
0.312123
0.408318
-0.146715
-0.425362
-0.167402
-0.0794979
-0.0552692
-0.107936
0.182671
0
0.0431631
0.123245
0.369099
0.239993
-0.044738
-0.24703
0.140737
-0.117204
-0.242516
-0.0990049
-0.0795208
-0.536199
-0.151397
-0.173229
-0.0980766
0.203288
0.244273
0.0800552
0.0421487
-0.358468
-0.202174
0.192004
-0.015384
0.316615
0.311198
-0.814472
-0.423319
0.0696841
-0.101535
-0.147628
-0.134325
-0.26824
0.316226
0.591687
0.422355
0.0642359
-0.450281
0.0737444
-0.04159
-0.404411
-0.525218
-0.425037
-0.052283
0.381807
0.0931457
0.0397037
0.209544
0.0737419
0.250442
0.362849
0.294454
0.184505
-0.123193
0.217071
-0.00980578
0.199143
0.270195
-0.0469798
0.0095726
-0.0669218
0.161457
0.219161
-0.00996204
0.0176292
-0.129654
-0.0368017
0.24176
0.0595957
-0.100934
-0.0159663
0.280742
0.621896
0.0285343
-0.523242
-0.224404
0.194978
-0.0127902
-0.256059
0.020084
0.00912057
0.256627
0.189363
0.097401
-0.0706222
-0.0952906
-0.0482297
-0.257584
-0.0741579
0.0468887
-0.407303
-0.326062
0.00157833
0.209722
-0.310619
0.141539
0.283642
0.305802
0.51647
-0.0769206
0.0235895
-0.182316
0.00976833
0.0200294
-0.346254
-0.242569
-0.534561
-0.327754
0.338291
0.267186
0.238755
0.178495
0.244212
0.13291
0.0547578
-0.138922
0.0465443
-0.0424416
-0.0997299
-0.17052
0.372279
0.171112
-0.0984453
-0.202795
0.229216
-0.0817411
0.303085
0.370684
0.466636
0.263653
-0.0470197
-0.514098
-0.0520277
-0.0870188
0.295278
-0.248995
-0.614699
0.16856
-0.181375
-0.389652
0.0208701
0.106639
0.37354
0.236405
0.211241
-0.12372
-0.399111
-0.248518
0.131958
0.152098
0.0463827
0.09201
-0.133564
-0.311575
-0.332232
0.155951
0.433196
0.318939
0.094017
0.345989
0.21858
-0.252968
-0.106616
0.00207447
0.371
0.396274
-0.00244271
0.255822
0.0266137
0.00155364
-0.093565
0.288038
0.183692
-0.0211233
0.218734
0.156801
0.00468003
0.309322
0.0959029
-0.0691925
-0.0375205
0.146276
0.127691
0.163939
-0.153009
-0.0908644
0.126797
-0.178488
0.406173
0.605572
0.299625
-0.0861079
-0.422833
-0.452419
-0.263091
-0.29327
-0.067733
0.352184
0.333084
0.131672
0.0214899
0.209128
-0.0333384
0.221601
-0.395658
0.129
0.287574
0.0893794
-0.161519
-0.241187
0.151321
-0.0359286
0.179572
0.0477155
-0.150874
0.0493724
0.163025
0.269834
0.266922
-0.0581506
-0.242119
-0.23242
0.102754
-0.0869279
-0.0639565
-0.679205
-0.383787
0.305671
-0.28745
-0.170815
0.0382757
0.108427
0.172616
0.324334
0.285978
0.0893087
-0.108301
0.177806
0.111318
0.288051
0.0932153
0.123762
-0.0504981
0.0259145
-0.283122
-0.350193
0.14182
