0.0279822
-0.152022
-0.450698
-0.15858
0.227852
-0.280992
0.357273
0.077443
0.074959
0.17404
-0.178135
0.262161
0.297679
0.418197
0.230306
0.592455
0.147576
0.219483
-0.246506
0.365137
0.34609
-0.11383
-0.413036
0.015623
0.301904
0.312657
-0.386749
-0.28057
-0.396987
-0.0513829
-0.240169
0.11052
0.326193
0.180627
0.6262
-0.448008
0.164949
0.0762868
0.319628
0.220467
0.230483
0.0826521
0.059428
0.115596
-0.0656631
0.037905
0.251223
0.0997718
0.32823
-0.101551
-0.243257
-0.603342
-0.212706
-0.350356
-0.568036
-0.212391
-0.328465
0.225241
0.0708779
-0.603874
-0.287948
-0.164428
-0.240027
-0.207585
0.425404
0.512093
0.0508932
0.231546
-0.00528498
-0.212629
0.0620883
0.313359
0.306188
-0.0124813
0.127277
0.363655
0.23908
0.0421364
-0.0161113
0.0296725
0.0400643
0.0682842
-0.231182
0.204334
-0.293275
0.0703397
0.195663
0.141933
0.239662
-0.357166
-0.22688
0.121869
-0.466266
-0.172361
0.252575
0.247399
0.0664752
0.214818
0.818175
0.301601
0.140716
-0.534888
-0.86157
-0.412801
-0.187462
0.101882
0.581135
0.51602
0.631167
0.149853
-0.33323
0.0248034
0.0292257
-0.0213192
0.213584
0.163359
0.00931309
-0.252058
0.094164
-0.0910038
0.0818267
0.0908347
-0.226304
-0.293548
-0.0940343
0.209144
0.628022
0.580069
0.107268
-0.266226
-0.187521
0.0878169
-0.0908172
0.302127
0.424834
-0.0455564
0.0524855
0.3024
0.63528
0.665066
-0.0554594
-0.361068
0.166522
0.138517
-0.180101
-0.354204
-0.129476
-0.0247763
-0.103831
-0.0782419
0.50961
0.0892911
0.409545
-0.017917
-0.20893
-0.216749
0.121051
-0.0956684
0.104687
0.102762
-0.11187
0.440034
0.0115524
-0.351607
-0.109648
-0.0146443
-0.118881
-0.353291
-0.00420802
-0.108345
0.071842
0.632048
0.51057
0.0116823
0.112731
-0.0548834
0.041445
0.0268771
0.117461
-0.146751
0.303025
-0.180525
0.118127
-0.170099
-0.230505
-0.134461
0.161627
-0.389427
0.0754507
0.533915
-0.321026
0.0267786
-0.150152
0.0660846
0.125582
0.159569
0.0255597
-0.0308836
0.0553007
-0.0521555
-0.248851
-0.293507
0.0748308
-0.00836843
0.0227989
-0.153545
-0.174184
0.124455
0.302351
0.132662
0.109722
-0.0299885
0.458971
0.262302
-0.130674
-0.0094744
0.288921
0.248113
-0.276888
-0.0569974
0.0226989
0.0186352
0.114921
-0.368835
-0.207818
-0.106156
0.27405
-0.266154
-0.054287
-0.0616819
-0.736215
0.105528
-0.164364
0.362003
0.139159
0.31528
-0.110567
-0.354246
-0.276673
0.0518633
0.221864
0.471741
-0.0390546
-0.569305
-0.30965
-0.0304825
-0.397618
-0.321617
-0.180668
0.470575
0.589269
0.678304
0.259531
-0.0069182
-0.201913
-0.127331
-0.524948
-0.379801
0.266753
0.310412
-0.0917978
-0.0424174
0.2306
-0.139914
-0.257102
-0.201176
0.0780794
-0.0351501
0.117233
-0.110843
0.0236243
0.0481858
0.459023
0.111878
0.0332685
0.425572
0.20012
-0.416933
-0.406728
0.466455
0.35954
0.162146
-0.139351
-0.261422
-0.132402
-0.362737
-0.223415
0.459449
0.21767
0.0288376
0.397976
0.453506
-0.192881
0.185869
0.474071
0.0730877
0.197559
0.323748
0.204553
-0.19328
-0.136242
0.301119
-0.0457464
-0.0586407
-0.384693
-0.15593
-0.0401511
0.121239
0.0999917
-0.339272
0.0621584
0.0825819
0.0750161
0.0393236
0.146409
-0.400101
-0.150546
0.313062
0.10478
0.179792
0.671635
0.1792
-0.00345624
-0.433495
-0.311157
-0.0537677
0.270413
0.671561
0.121423
0.182168
0.237943
0.0620429
0.0974139
0.192495
0.0552947
0.273895
0.475932
-0.263858
-0.16832
-0.112326
0.144618
0.308556
0.097359
-0.181225
-0.627203
-0.359086
0.0516957
0.0236108
0.120012
0.402191
0.23935
-0.291923
-0.265239
0.351503
0.194949
0.17948
0.600416
-0.349621
0.012938
0.0862425
0.0658081
-0.0922334
-0.299485
-0.561888
0.187031
-0.175011
-0.296092
0.455867
0.297672
0.526584
0.250976
0.143123
-0.314735
0.0119618
0.0571845
0.26865
0.144112
0.136601
0.468557
0.443692
0.0773333
0.148182
-0.144473
-0.0349358
-0.375151
-0.110623
0.298601
-0.353441
-0.700876
0.0315347
0.186846
0.182968
-0.0656464
-0.472151
0.0580337
0.162136
-0.260744
0.139807
0.679415
-0.0204443
-0.158337
-0.363279
-0.066517
0.362209
-0.402113
0.250533
0.171704
-0.286146
-0.473556
-0.321296
-0.287802
-0.554354
-0.159874
0.0379087
-0.121768
0.096474
0.332309
0.38373
0.0154117
-0.454351
0.209136
0.235565
0.291529
0.370011
0.0641518
0.0224391
0.284056
0.303976
0.177359
0.0756115
-0.18995
-0.426981
-0.327425
-0.305832
0.0762451
-0.533891
-0.487381
0.162645
0.0505738
-0.484866
-0.00426909
0.54619
0.362229
0.585847
0.328055
0
0
-0.0981119
0.265041
-0.282563
-0.315623
-0.747657
-0.295547
0.353235
0.232499
-0.414205
-0.216416
0.259051
-0.263652
-0.184264
-0.550345
-0.483323
-0.0643021
0.043599
0.0288947
0.0399224
-0.00593891
0.275959
0.339281
0.385456
0.382762
-0.641004
-0.375622
-0.221446
-0.00299743
-0.0817871
0.129135
0.435394
0.156298
0.169982
0.393979
0.123363
-0.436892
-0.385712
-0.10788
-0.0311826
0.375756
0.426501
-0.1822
-0.340576
-0.539262
0.198382
-0.18609
-0.268606
0.297377
0.313712
0.846035
0.671157
0.224898
0.176132
0.0335508
-0.603037
0.0713984
0.412527
0.359147
0.129782
0.0560547
-0.142657
-0.0909084
-0.0813181
-0.110798
0.230399
0.282473
-0.0958181
-0.287433
0.242087
0.435534
0.081624
-0.194167
-0.0145577
0.164457
0.0276758
-0.20298
0.162886
0.0140358
-0.471357
-0.285727
0.0648667
0.20329
0.404241
0.40688
0.0189921
0.173881
0.295421
0.223476
0.176106
0.267248
0.0453702
-0.140564
-0.179357
-0.100378
0.0434266
0.397508
0.465577
0.0254746
0.00162817
0.211372
0.718227
0.700197
0.315916
-0.133106
-0.223797
-0.0907529
-0.236713
-0.174632
-0.0597146
-0.0234195
0.0205843
-0.0169333
-0.027283
-0.360419
0.165142
0.259451
0.368113
0.127423
-0.0196048
-0.033486
0.00231958
0.00404351
0.239387
0.373961
0.151538
-0.242564
-0.289255
-0.284364
0.0858429
0.419952
-0.0815998
-0.278884
-0.52784
-0.103079
0.0618114
0.562023
0.392926
0.369346
0.404118
-0.476218
-0.225878
-0.396175
-0.165966
0.216689
-0.161934
0
0
