-0.118914
-0.351241
-0.246235
0.440712
0.0927927
0.091676
0.346156
-0.100223
-0.276222
-0.190017
-0.161632
0.252396
-0.332036
-0.128624
-0.255223
-0.04864
0.0594955
-0.0486541
0.317779
0.0467948
0.0497954
0.056375
-0.0898622
-0.10589
0.0535768
0.0470788
-0.228241
0.0841957
-0.127749
0.0903308
-0.0929605
-0.383615
-0.0832527
-0.109975
-0.198439
-0.129722
0.185319
-0.287577
-0.345629
0.351409
0.153187
-0.262171
-0.131354
0.0488472
0.479577
0.0324552
-0.724301
0.22243
0.074159
0.0522384
0.0245514
-0.0762274
-0.615525
-0.356651
0.534367
0.38439
0.378753
0.12425
0.360887
-0.096815
-0.603264
-0.53476
0.195144
-0.182505
-0.430876
-0.0860863
0.429043
-0.35133
0.116398
-0.0270411
-0.116564
0.211022
0.101169
-0.245297
-0.0441221
0.0646182
-0.184733
0.384893
0.0624949
-0.314326
-0.52621
0.143828
0.298806
0.172949
0.056288
-0.229379
-0.13292
0.473468
0.386939
0.367053
-0.361428
-0.645181
-0.353772
-0.285664
0.0707831
-0.0151426
0.0769015
-0.00444149
0.0455827
0.325876
0.287602
0.343037
0.0914265
-0.432493
0.0384934
0.318831
-0.0358437
-0.098543
0.0834716
0.28634
0.542786
0.0974251
-0.135667
0.0329513
-0.695123
-0.221352
-0.421786
0.559572
0.607058
-0.356853
-0.116219
-0.16919
0.52456
0.0154278
-0.338739
0.316198
-0.259692
-0.00204556
-0.655995
0.0939336
0.399503
0.0503863
0.189578
-0.243758
-0.399516
0.240346
0.128825
0.237089
0.275442
-0.0969274
0.0213048
-0.311163
0.275757
-0.11487
0.0738418
0.425542
0.424069
0.208768
-0.571423
-0.326849
0.0392371
-0.00125747
0.166755
-0.0664202
-0.0720173
0.276436
0.0227198
-0.239733
-0.132308
0.31786
-0.0213462
-0.480334
0.111546
0.240642
-0.205721
-0.0635561
0.0291104
-0.236408
-0.377056
-0.111638
0.592243
0.0796278
-0.133668
-0.888013
0.487421
-0.00848839
-0.023288
-0.167732
0.20199
0.0831182
-0.401634
0.23554
0.395524
-0.47778
1.00828
0.708153
-0.0103478
0.241095
-0.290295
-0.30493
0.236412
0.389342
0.535032
0.167052
-0.0177157
-0.340566
-0.537228
-0.345632
-0.324499
0.00854739
0.516714
-0.110653
-0.00275901
-0.0514205
-0.0602744
0.192525
0.150794
-0.200865
-0.11882
0.0502658
-0.181243
0.0449003
-0.172237
0.120281
-0.063285
-0.0442469
0.00771668
0.660005
-0.0879863
0.00514063
-0.107634
-0.396964
-0.306769
-0.16922
-0.0847284
-0.00358831
0.145862
0.541972
-0.323511
-0.48235
-0.0815325
-0.00355647
-0.0937618
-0.133405
-0.404759
0.0923228
-0.374494
-0.229569
-0.815453
0.010318
-0.0129984
-0.00959688
0.126146
-0.120629
0.102706
-0.106979
0.677482
0.425693
-0.413192
-0.286068
-0.529153
0.194157
0.367618
-0.0111414
-0.238003
0.440486
0.751202
-0.0188009
0.194525
0.755966
0.120655
-0.342746
0.0671318
-0.252864
-0.259764
0.221913
0.309171
0.0402446
0.147628
0.324126
0.175908
0.46423
0.178317
-0.471966
-0.106216
0.036508
-0.342276
-0.534835
-0.463908
-0.0579455
-0.0969041
0.114359
0.124446
-0.0501309
-0.0640928
-0.395764
-0.181706
-0.613523
0.0204594
-0.0422645
0.223721
0.209087
0.280136
-0.223026
0.11338
0.0687604
-0.438061
-0.0963946
0.134854
0.00974313
-0.0689607
-0.261335
0.0681427
0.48223
0.110995
-0.237072
-0.506133
-0.637134
-0.186852
0.278781
0.281274
-0.17243
-0.18133
0.118916
-0.576566
0.205044
-0.0800712
-0.0648485
-0.0886452
-0.275481
0.0626316
0.224962
-0.161948
0.464078
-0.0803119
-0.076263
-0.225781
0.284701
-0.255542
-0.0375803
0.124835
0.080456
0.0521812
-0.016438
0.129848
-0.374306
-0.730996
-0.0187862
0.134698
-0.497453
0.0091205
-0.125593
-0.0248018
0.29788
0.373953
-0.106796
0.204979
0.459216
0.203699
0.376411
-0.73562
-0.691722
0.187833
0.458428
0.249193
0.578196
0.159487
-0.02445
0.550936
0.0769775
-0.362224
0.040713
-0.237378
-0.232987
0.125254
0.611425
0.12309
-0.02467
0.0376092
-0.364801
-0.485028
-0.182682
-0.229099
0.36199
-0.0430657
-0.183256
0.0364811
0.132125
-0.270263
-0.439462
-0.200026
-0.116498
0.158153
0.240183
-0.0323146
-0.247835
-0.0774901
0.149281
-0.141486
0.418904
0.391936
0.18845
0.287468
-0.229207
-0.427468
0.0849933
-0.623056
-0.281218
-0.0306909
-0.148875
-0.302925
0.313661
0.0761031
-0.425179
-0.887691
0.342466
0.506672
-0.207732
0.0956959
0.212942
-0.578199
-0.691309
-0.0977956
0.339618
0.292242
0.288775
-0.0477044
0.468907
0.0280372
0.403888
-0.0129424
0.0286337
0.166228
0.0403326
-0.668649
0.323239
0.255283
-0.10789
-0.295296
-0.213324
0.308323
0.37809
-0.407454
-0.0865266
-0.216646
-0.106863
0.0469993
0.089406
0.205073
-0.247233
-0.02048
0.0954021
0.0830173
0.348856
-0.0784794
-0.164962
0.385321
-0.212542
0.00160862
0.319346
0.166627
0.00777369
0.321203
-0.201745
-0.235363
-0.0945446
0.200413
0.288712
0.346866
0.00613234
0.219702
-0.255564
-0.464752
-0.253478
-0.0496429
-0.270457
-0.338679
-0.0516391
0.0814034
0.24837
0.164868
-0.0973175
-0.157486
-0.149916
0.0917539
0.444319
0.69703
0.23707
-0.157196
-0.336061
-0.16593
-0.167673
0.212271
-0.0253837
-0.231648
0.12783
0.181335
-0.160724
-0.069542
-0.0241416
-0.239764
-0.113418
0.15384
-0.208318
-0.384591
-0.310326
0.0275171
0.287881
0.0916916
0.390095
0.254017
-0.247085
0.104761
-0.021626
0.266169
0.00454692
0.217732
0.0517225
-0.260763
0.0470315
0.277649
0.210976
-0.0279579
0.100289
-0.112239
0.0589382
0.437654
-0.30915
0.0177473
-0.142645
-0.275093
0.442304
0.352793
0.123508
0.0346627
-0.248255
-0.499824
0.171519
0.397307
-0.383933
-0.0838512
0.621828
0.459458
-0.529063
-0.298493
-0.0220768
-0.0578081
0.288936
-0.234217
-0.0304333
0.0732013
-0.179826
-0.225475
-0.313751
0.133633
0.201291
0.912914
-0.038205
-0.304885
0.112301
0.0106199
0.00029633
-0.147142
-0.297432
0.0283127
-0.616869
-0.0423997
-0.0795006
-0.0554146
-0.0481048
0.161347
0.319531
0.399577
0.0770791
-0.186195
-0.652552
-0.129226
0.689216
-0.0116939
0.143397
0.222677
0.0837281
-0.0288813
0.0542336
0.158
-0.184434
-0.283238
-0.189241
0.00107713
-0.00773178
0.25661
-0.0767238
-0.0592464
-0.215928
-0.107615
0.437249
0.312706
-0.232566
0.106556
0.478209
0.0337992
-0.353446
-0.227826
0.258046
