-0.106817
-0.301478
-0.265576
-0.0177385
-0.0617269
0.0214783
-0.0152509
-0.15916
0.230198
0
0
-0.0980147
0.067956
0.229716
-0.0146202
0.416335
0.0903392
0.246491
0.194234
0.463748
0.316882
-0.394474
-0.529843
-0.43147
0.159489
0
0
0
0.280777
0.0537528
0.283646
0.164161
-0.0812467
-0.406101
0.137918
0.468499
-0.0877079
-0.005591
0
0
0
0
-0.715122
-0.443795
0
0
0
0
0.648826
-0.200609
0.478362
0.098081
0.0436105
0.362067
0.178303
0.228199
0.051162
-0.0996844
0.15894
-0.00356104
-0.171462
-0.231486
-0.081527
0.0224088
-0.0466084
0.255962
0.268247
0
0
0
0
0
0
1.73945
-0.443717
0
0
-0.143238
-0.486995
-0.52726
-0.0499134
-0.0986401
0.109628
0.0323977
0.0572252
-0.043825
0.26612
-0.202022
-0.228425
0.108861
-0.27034
-0.187511
0.0979543
-0.160846
-0.159634
-0.183638
0.150496
0.0933135
-0.0926316
0.0434151
0.0652231
0
-0.0732686
0.446978
0.300513
0.0870156
0.159421
0.394726
-0.339225
-0.439627
-0.0197899
0.125564
0.300725
0.403743
0
0
0
0
0
0
0
0
0
0
0.0313729
-0.315217
-0.080569
0
0
-0.0424673
-0.235627
0
0
0
0
0.344147
-0.21276
-0.065207
-0.00684892
-0.0881601
-0.120264
0.0392524
0.0917779
-0.169059
-0.421656
-0.485103
-0.0885447
-0.0217207
0.111791
0
0
0
0
0
-0.0239
-0.439672
-0.383667
0.0587499
-0.516048
-0.3936
0.128653
0.0973005
0.161438
0.0441181
0
0
0
0.0114196
-0.17106
-0.347469
-0.141881
0.00497292
-0.248754
-0.567094
0
0
0
0
0
0.112309
-0.235246
-0.216683
0.0786456
0
0
0
-0.0932807
-0.0349646
0.301173
0.106205
0.117795
0.193555
-0.125194
-0.273388
0.158585
0
0
0.110672
-0.0970858
0
0
0
0
0
0
0
0.14843
0.485966
0
0
0
-0.0473861
0.380646
0.394567
-0.0846933
-0.219017
0
0
-0.054552
-0.546135
0
-0.563585
-0.179023
0.269085
0.465783
-0.29634
0.14361
0.243017
0.216712
0.0919169
0.0702138
-0.118326
-0.173586
0.0664779
0.0720254
0.456508
0
-0.273188
-0.416542
-0.0997187
0.0767896
0.0605506
0.0936449
0.106374
0.284861
-0.122457
-0.10879
0.387006
0.0518961
-0.0266141
0.216823
0.111954
0
0
0
0.000343499
-0.579561
-0.161759
-0.0785033
0.280564
0.125482
-0.399389
-0.0339793
0.24222
0.331667
0.291874
0.378388
0.176944
0.0485813
-0.196497
-0.0395301
-0.0652605
-0.186105
0.0704595
0.144306
-0.216735
-0.116715
-0.21704
-0.185199
0.148313
-0.138178
0.0989588
-0.203559
0.203963
-0.0668034
0.043849
0.284988
0
0.223042
0.186445
0.0182422
-0.209393
-0.353136
-0.297964
-0.372615
-0.447295
-0.121052
0.368136
0.156728
0
0
-0.319948
0.253327
0.13651
0.00525675
0.399128
-0.0119868
-0.224172
-0.0383606
0.0567987
-0.0165905
0.399462
0.468769
0.375838
0
0
0.799923
0.00602284
-0.312288
-0.221483
0
0
0
-0.457942
-0.229303
0.337681
0.651532
-0.0592785
-0.606341
-0.171928
0
0
0
0.0694249
0
0.038676
0.0245926
0.213524
0
0
0
0
0
0.0810999
-0.0569501
-0.0175737
0.201004
0.368077
0
0
-0.0389563
-0.0358671
0.408243
-0.0198712
0.0722593
0
0
0
0
-0.0570393
0.0542008
-0.0847392
-0.216453
-0.297174
0.127521
-0.100379
0.245451
0.468545
0.0073047
-0.09241
0.018522
0.0178559
0.0929244
0
0
0.141559
-0.061446
0
0
0
-0.177303
0
0
0.154127
0.0547539
0.135251
0.525771
-0.377487
-0.272892
0.139951
0.601828
0
0
0
-0.036962
0.121114
-0.303206
0.0291264
-0.278701
0.169635
-0.263011
-0.350336
-0.19587
-0.233221
0.0928282
0.195105
0.124439
0.180049
0.11911
-0.280594
0
0
0
0.547734
-0.330777
-0.203549
0.3365
0.185486
0.331441
0.26466
-0.396597
0.0898644
-0.0896902
-0.265499
-0.139545
-0.511847
0
0
-0.75082
-0.431883
0
0
0
0.551687
-0.0808833
-0.0366616
0.169553
0
0.644027
0.33455
-0.114907
0.261391
0.444145
0.0944725
-0.20727
-0.122186
-0.0352387
-0.186564
-0.090629
-0.227085
0.0145415
0.0242999
0
0
0.0494286
-0.237097
-0.330476
0.170557
0.67941
0
0
0
-0.484897
-0.188879
0.158498
0.14973
-0.137066
0.0788925
0.188678
-0.565566
-0.377902
0.114136
0.115
0.12471
0.545809
0.239099
-0.284707
-0.200497
-0.154917
0.313854
0.41479
0.338469
0.0316833
0.110669
-0.132859
-0.118165
-0.420926
0
0
-0.430686
-0.0721617
-0.369122
-0.0249741
-0.186747
0.266615
-0.140881
0.297208
0
0
1.28295
0.13688
-0.43921
-0.340419
-0.432386
0.341218
0.0647592
0.225568
0
0
0
0
-0.292723
-0.413502
-0.205537
-0.10162
0
0
0
0.219752
0.279116
0.136423
0.276191
-0.0718433
0.129234
0.385502
0.582719
0.289089
0.00921859
0.0346606
0.0768359
0.149911
0.0115419
0.049818
0.26302
0.22911
0.0749594
-0.0758073
-0.269915
-0.0244626
0.161497
-0.287542
-0.227016
-0.203131
0
0
-0.254426
-0.0556525
0.203205
-0.0540613
-0.0523895
0.240263
-0.191071
-0.00343389
0
0
0
0
0
0.0887266
0.0190742
-0.0420138
0.00456092
-0.0594583
0.0570324
0.322697
0.310751
0.588911
0
0
0.0578622
-0.0961741
-0.0361275
-0.158748
-0.182855
0
0
-0.0894611
-0.195763
0.0884543
0
0
0
0.195558
-0.205853
0.0116826
0.0197981
0.0668314
-0.0618391
-0.672643
-0.125079
0.219237
-0.290951
0.191854
0.372732
