-0.152525
-0.0731079
-0.207761
0.212361
-0.189712
-0.49731
0.223595
0.0402306
0.358525
-0.117249
0.206253
0.15376
0.155556
-0.455264
-0.634475
-0.494252
0.131805
-0.1873
-0.0988725
-0.0964939
0.12026
0.16516
0.125429
-0.0796156
0.235111
-0.0256217
-0.194813
-0.30332
-0.123041
-0.0203801
-0.252027
-0.181489
0
0
0.0268714
-0.164151
-0.316653
0.181849
-0.258167
0.128182
0.405219
0.161215
0.338173
0.306177
-0.184292
0.0417643
-0.135932
-0.549037
-0.000928766
0.497056
0.49653
0.295163
-0.264442
-0.159442
0.115815
0.0617741
-0.0760458
0.120932
0.0394301
-0.366205
-0.384875
-0.0664141
-0.414623
-0.197612
-0.130194
-0.309945
-0.0340213
0.0548499
-0.0317695
0.0218647
-0.0981538
-0.0582046
0.610132
0.193216
-0.251178
0.131331
-0.241929
-0.408191
-0.234687
-0.0212358
-0.115099
0.0678777
0
0
-0.172597
0.331014
0.398762
0.192115
0.3253
0.0495096
-0.185318
0.0131153
-0.121609
0.127197
0.0962244
-0.047105
-0.0130969
0.432008
-0.0348757
-0.218408
-0.146608
-0.225072
0.59681
0.504356
0.232194
0.273781
0.617761
-0.256773
-0.249218
0.199794
0.137254
0.0877976
-0.181394
0.137981
0.180012
0.164727
0.412075
0.419107
-0.227871
0.109494
0.763539
0.367781
0.261004
-0.300046
-0.190205
-0.156366
-0.456482
-0.0171129
0.0076394
0.0436461
0.628283
0.0992906
0.103885
-0.323047
-0.298597
-0.162464
-0.0311818
0.0239032
0.203588
-0.0786131
-0.0814297
-0.302999
0.0451212
-0.136291
-0.0686375
-0.16718
-0.396746
0.18212
-0.227097
-0.190092
0.139013
0.276762
0.0787427
0.324227
-0.284638
0.0995823
0.36759
0.356538
0.598425
0.264256
0.401632
0.0200135
-0.0810746
-0.0128844
0.214659
0.19195
-0.0176144
-0.471407
0.0696656
0.18166
-0.0144672
-0.162722
-0.28496
0.00428294
-0.205213
-0.0738488
-0.208903
-0.263712
-0.234294
-0.298687
0.0855167
0.133271
-0.197398
-0.0255241
0.0363556
0.109273
0
0
0.450646
0.0257259
-0.676236
-0.0129471
-0.0851321
0.0464106
0.366976
-0.437876
-0.321428
0.168589
0.111446
0.11294
-0.40615
0.56477
0.0928018
-0.293913
-0.177434
0.0638036
-0.0826688
0.0326231
0.0360807
-0.295372
0.105991
-0.115608
-0.168829
0.00111743
-0.185945
-0.205271
-0.120665
-0.00224923
0.31946
0.53996
-0.0474037
0.268216
-0.154799
-0.112109
-0.537304
-0.27808
-0.470274
-0.12238
0.165012
-0.356889
-0.0507378
-0.0192855
0.314949
0.0787489
0.278958
0.0227477
-0.333343
-0.139755
-0.0917076
0.677282
0.480216
0.663441
0.39226
0.212003
0.106363
-0.147417
-0.233525
-0.329392
-0.0583258
-0.27422
0.156247
-0.523216
-0.0722299
0.247998
0.0802744
-0.00631586
-0.310841
0.0436921
-0.0781454
-0.0367753
-0.0601313
-0.285768
0.0214728
-0.0995055
-0.298053
-0.140741
0.043409
-0.0925916
-0.184661
0.272139
-0.133227
0.151159
-0.102904
-0.274855
0.195598
0.406275
0.022733
-0.0845928
0.140485
0.257776
0.089067
0.0388478
0.337768
0.0592617
0.222591
0.417624
0.108686
-0.24807
0.150083
-0.175986
-0.223063
-0.245827
-0.289062
0.355356
0.0296612
0.486983
0.131212
-0.193623
0.0516682
0.677952
0.170244
-0.0482147
-0.0431961
-0.521209
-0.582052
-0.206859
-0.0639272
-0.348688
-0.31437
0.0349242
0.237351
0.143122
0.396243
-0.0062415
-0.00403916
0.217794
0.0894289
0.363536
0.37789
0.343359
0.485047
-0.298943
-0.309518
-0.059631
0.263932
-0.101507
-0.590288
-0.351809
-0.234403
-0.102064
-0.186045
-0.0135831
-0.144034
-0.262242
0.0793316
-0.545645
0.314764
0.201406
0.345158
0.299751
0.0113654
0.417049
0.69399
-0.132722
-0.350186
-0.630481
-0.653723
-0.129591
0.104721
-0.027403
-0.320873
-0.0480451
-0.0227248
-0.0990287
-0.286033
-0.541937
-0.187067
0.0677543
-0.081698
-0.252245
-0.173004
-0.399782
0.0146234
0.0518225
-0.154923
-0.06716
0.33299
0.348207
0.217812
-0.115195
-0.155501
0.350872
0.404995
0.342021
0.169059
0
0.141888
-0.349642
-0.0560482
0.183903
0.0385292
-0.371348
-0.414153
-0.265398
-0.173538
-0.0744278
-0.339869
0.135956
0.243313
0.103434
0.194147
0.152211
-0.227068
-0.285559
0.212509
0.566627
0.441533
0.366939
-0.22931
-0.480404
-0.097515
-0.164565
-0.289741
-0.0546416
-0.447241
-0.287875
-0.0786788
-0.075271
0.0309947
-0.0392428
0.00241488
0.0226912
-0.026685
-0.0938779
-0.320392
0.210974
0.511145
0.355404
0.179462
-0.304051
0.0180436
-0.103835
-0.115175
-0.218921
-0.0907342
-0.546699
-0.30416
0.0381487
0.0959165
0.00941275
0.262406
0.494369
0.665559
0.259423
0.0156643
-0.12912
0.187607
0.245857
-0.270916
-0.0252855
0.125163
0.174823
0.252002
0.00873467
0.057157
0.142761
-0.142794
-0.189139
-0.249068
0.273712
0.0637885
0.294606
0.676401
0.17069
-0.291746
-0.675253
-0.219711
-0.250003
-0.285697
-0.0651135
0.099948
0.0806376
0.208311
0.323344
0.0815262
0.168715
-0.144034
0
0
-0.347692
-0.398038
0.0112338
-0.133345
-0.456635
-0.327704
-0.326586
-0.313213
-0.330846
-0.124807
0.0234067
-0.617972
-0.0695403
0.340625
-0.0560948
-0.0324874
0
0
0.650266
0.629385
0.13299
-0.0281193
-0.341513
0.313367
0.00374044
0.0132258
-0.545302
-0.553336
0.100036
-0.135271
-0.325487
-0.18915
-0.212444
-0.139349
-0.0402241
0.0442391
-0.158718
-0.0220448
0.283055
-0.0295103
-0.425212
0.286006
0.179204
0.153482
0.212126
-0.3919
-0.0621444
-0.196345
-0.0399773
-0.105462
-0.329989
-0.363552
0.217827
0.15259
0.0248633
0.166025
0.247947
0.0466926
0.116784
-0.391771
-0.0320703
-0.215324
-0.380109
0.175356
-0.389865
-0.138361
0.0603932
0.042991
-0.123984
0.036499
-0.333026
-0.0302295
0.278374
0.138983
0.351167
0.0327494
0.134627
0.133121
-0.10658
0.159871
-0.0188607
-0.389643
-0.163249
-0.0293602
-0.319699
-0.213712
-0.021428
0.0664044
-0.0713717
-0.392845
0.102241
0.0802187
0.298934
0.113497
-0.214468
-0.578486
-0.286236
0.101692
-0.23662
0.262643
-0.0544863
-0.27416
-0.200202
-0.262787
-0.0238204
0.0796826
0.0594433
0.257834
0.124368
0.306642
0.247339
0.200451
-0.00222837
-0.391735
-0.239704
0.184183
-0.0501833
-0.310656
-0.338508
0.114715
-0.0333748
-0.314842
0.148703
-0.140467
-0.207545
