0.172942
0.110432
-0.386175
-0.342642
-0.434547
0.103997
-0.0745897
-0.382184
-0.288453
-0.255322
0.0820708
0.470992
0.482746
0.445503
-0.251169
-0.453432
-0.0326409
-0.138172
0.401896
-0.240487
-0.163249
-0.019802
0.0610773
0.103219
-0.138115
0.244471
0.0649392
0.11519
-0.203038
-0.00739763
-0.00139781
0.0282574
0.311223
0.0433276
-0.179734
0.374027
-0.0228354
-0.375004
-0.178186
-0.0990413
-0.250839
0.179379
0.279562
0.0949715
-0.563836
-0.10493
-0.337737
0.0492615
0.193358
0.256995
0.747651
0.174489
-0.00673684
0.0508342
0.0894512
-0.0848374
0.155403
0.332554
0.206528
-0.097209
-0.257228
-0.0837124
-0.099794
-0.0758911
0.088561
0.0437627
-0.177203
-0.0526889
-0.477433
-0.30902
-0.346032
-0.101381
0.208957
0.358754
0.268467
0.136099
-0.344998
-0.0259248
-0.34165
0.202234
0.355188
0.381605
0.445584
-0.12397
-0.485929
-0.0721685
0.243836
0.136256
0.0808294
0.0892492
0.0403294
0.236975
-0.128839
-0.0696154
0.0360965
-0.415048
-0.00267208
-0.119088
0.238881
0.350535
0.117071
-0.00744575
-0.0692321
-0.479069
-0.0894033
0.195279
0.0862922
0.0970167
0.0455451
-0.355177
-0.114365
0.244765
0.472885
0.476823
-0.224282
-0.0450614
0.152967
0.135051
-0.388898
-0.30914
-0.00211718
-0.0365839
-0.428774
-0.516284
-0.101324
0.305924
0.447964
0.058499
0.0688424
-0.105847
0.257425
0.0563145
0.0811935
0.117978
0.199701
0.136191
-0.159974
-0.164121
-0.172778
-0.0717309
-0.0625864
-0.0425885
-0.103292
-0.182423
0.0784476
0.112291
-0.123515
-0.0653851
-0.271461
-0.209393
-0.142803
0.239588
0.148418
-0.378863
-0.152285
-0.0306387
-0.288907
-0.257612
-0.20979
0.0451312
0.353805
0.0801555
0.321597
-0.191741
0.218369
0.499089
-0.314815
-0.0641459
0.0164624
-0.243027
-0.0799352
-0.0548572
0.12673
-0.0378252
-0.0925591
-0.220977
0.00821791
0.226741
0.148287
-0.35674
0.458996
0.0663492
-0.167549
-0.0258934
-0.0665718
-0.00718406
0.256704
-0.203797
0.0957073
0.369495
0.445036
-0.0411363
0.122365
0.0178297
0.170651
0.247978
-0.151974
0.00061737
0.349365
-0.0895231
-0.102375
0.0946995
-0.498368
0.0615582
-0.0474179
-0.126116
-0.0970858
-0.208045
-0.0112384
0.0959702
0.263352
-0.368277
-0.283212
-0.107595
-0.0854356
0.110712
-0.114696
0.157198
0.218404
0.21609
-0.0468322
-0.0769121
-0.276142
-0.00546283
0.279035
0.0864211
-0.0600285
-0.359586
-0.0890584
-0.292942
-0.16262
-0.139199
-0.157161
-0.256418
0.260809
0.329809
0.0411605
-0.295348
-0.352405
0.0458247
-0.393927
0.185322
0.105789
0.0320318
0.0275184
-0.362121
-0.0195322
0.0925971
0.0736954
0.392193
0.104406
-0.253765
0.159295
-0.060041
-0.185368
-0.202356
-0.0492924
-0.12939
0.00626588
-0.30004
0.0394136
0.448665
-0.0890988
-0.168376
-0.0713258
0.19741
-0.254911
-0.4718
-0.08083
0.158331
0.212483
0.144948
0.319966
0.138732
-0.232041
-0.0729532
0.146298
-0.139936
-0.156493
0.017918
0.043128
0.036963
0.0312835
0.297978
0.218741
-0.188417
-0.207469
-0.222403
0.147768
-0.0308528
0.0508436
0.149276
0.0466838
-0.0944368
0.275353
0.101743
0.173931
-0.0304759
-0.181513
0.0343888
-0.0482556
0.149882
0.0137351
0.082339
0.707939
-0.0147154
0.298381
-0.0627667
0.00239532
0.225387
-0.18848
0.100299
-0.213811
-0.129452
-0.0714852
0.032192
0.0671518
0.421658
0.22547
-0.111122
-0.0458541
0.131145
0.0201883
0.0708142
0.0262911
0.338338
0.208956
0.0713874
-0.114237
0.18037
0.303713
-0.104295
0.0692982
-0.0606643
-0.13965
-0.193729
-0.0951483
-0.0609684
0.160183
0.189596
0.24969
-0.155425
0.455584
0.296272
-0.0150143
0.00162339
-0.0761129
0.0979165
-0.0343442
-0.197117
0.188495
0.00176421
-0.0928498
-0.301417
-0.162485
-0.0218965
0.222557
-0.142173
-0.0469558
0.103027
0.324526
0.126486
0.514897
0.194274
0.0466732
-0.251793
0.064322
0.194459
-0.169256
-0.105802
0.0188425
0.260239
0.31125
0.018265
-0.22597
-0.135449
0.0551438
0.0422503
0.27636
-0.100845
-0.0629941
-0.237026
-0.0906719
-0.0179839
0.343954
0.238145
0.203718
-0.241249
0.00532486
0.277472
0.291281
-0.00228412
0.159483
-0.32285
-0.268235
-0.221179
0.420658
0.302258
0.10901
0.0809486
-0.305163
-0.359798
-0.178177
-0.290661
0.172584
0.134855
0.311128
0.0379093
-0.254081
-0.0143371
0.291937
0.167688
0.144005
-0.222607
0.0497274
-0.121828
-0.0407415
-0.0224947
0.190052
0.211318
-0.160146
-0.0312113
-0.232074
-0.104398
0.0802501
-0.181586
0.0773984
0.329962
0.121694
0.219363
0.169863
0.0167269
-0.327716
0.0509419
-0.0652698
0.436889
0.418986
-0.339103
0.062275
0.363352
-0.134292
-0.405048
0.0239383
-0.137106
0.040326
0.265758
-0.0834924
0.106192
0.118962
-0.266918
-0.19032
-0.0996565
-0.2123
0.158495
0.359489
0.212229
0.0358677
-0.0514511
-0.120794
-0.555124
-0.336975
0.0565585
0.115141
0.0503685
-0.226996
0.150965
0.464157
-0.085467
0.326426
0.0454793
0.071649
-0.0303688
0.264804
-0.221306
-0.115535
0.0183957
-0.5618
0.125676
-0.0442832
-0.37589
-0.16333
0.184341
0.466474
0.114137
0.361366
0.41336
0.0166623
-0.0954771
0.0545965
0.211591
0.0869662
-0.0474547
-0.17896
-0.121229
-0.243981
0.181337
0.0754351
0.141074
0.109499
0.0394205
0.0361374
-0.00465169
-0.036027
-0.0107893
0.216031
0.113019
-0.333995
0.173846
0.500668
0.0370383
-0.180078
-0.0760056
0.13434
-0.161909
0.316542
-0.241242
-0.381728
-0.033662
0.0139865
0.0500457
-0.0818254
0.151063
0.113974
-0.244587
-0.285203
-0.0226009
0.111298
-0.152398
0.236222
-0.337491
-0.321756
-0.0453062
0.111479
0.4053
0.0306219
0.104067
0.269003
0.455864
0.279383
-0.214847
-0.0922162
-0.263973
-0.0548888
-0.0876368
-0.196736
-0.0712855
0.0531963
0.253233
0.676887
-0.268352
-0.177101
0.0623178
0.0646254
-0.0427051
-0.247919
0.0833152
0.0334391
0.211055
0.160721
0.104468
-0.239264
0.100151
0.372066
0.171683
-0.475638
-0.0261206
0.137116
-0.0785934
-0.181454
-0.18821
-0.209819
-0.0607533
-0.0584241
0.102234
0.0462015
-0.0964143
-0.346292
0.389859
0.0228861
0.0850903
0.401425
0.243883
-0.00457966
-0.0649839
-0.0824351
0.405192
0.0586564
-0.11878
-0.457813
-0.115349
0.627813
0.157218
0.109123
-0.0713029
