-0.20508
-0.137763
-0.466106
-0.123088
-0.263846
-0.02118
-0.971197
-0.188175
0.305057
0.534531
0.437833
0.222002
0.329758
0.707704
-0.0313519
-0.145993
0.584314
-0.0495637
-0.0942987
-0.163245
0.0634745
-0.19779
0.109493
0.290645
0.129549
-0.653155
0.155038
-0.100194
0.158857
0.551797
0.119697
-0.108785
0.14857
-0.256461
-0.00924066
-0.0538149
-0.0282211
0.161188
-0.277687
-0.517922
0.327374
-0.0513446
-0.205912
0.116607
0.534033
0.610668
-0.255565
-0.0561475
-0.195555
0.200826
-0.512693
0.332196
-0.320502
-0.331302
-0.361279
0.227087
-0.141632
-0.707525
-0.521813
0.12601
-0.147703
0.100454
-0.121219
0.212606
0.122747
-0.463647
0.354292
-0.237411
-0.369558
-0.257968
0.0846452
-0.461592
-0.591766
-0.275247
-0.472875
-0.0559762
-0.199165
-0.0106639
0.179169
-0.0877191
-0.31062
0.207136
0.839499
-0.0472609
-0.456697
0.105949
0.49563
0.371195
-0.0842167
0.379265
0.640287
0.192457
0.45077
-0.10306
-0.228497
0.2069
0.131032
-0.287075
-0.454043
0.324116
0.681139
-0.125226
-0.449708
-0.218651
-0.445148
-0.384681
0.241831
-0.41836
-0.121253
0.277957
0.731939
-0.179544
0.425276
0.211398
-0.235681
0.0338401
-0.365624
-0.190758
-0.383994
-0.104436
-0.301918
0.205335
-0.606015
0.654199
0.531997
0.189555
-0.0822108
-0.152573
-0.284171
-0.21984
-0.0151623
0.118653
0.30459
0.660758
0.161909
-0.560286
0.742036
-0.0687087
-0.0263917
0.399117
0.280306
0.164309
0.150682
0.229733
-0.0838543
0.0453603
0.409924
-0.455746
-0.0562583
0.268969
0.084024
0.0660519
-0.460456
-0.181461
-0.775979
-0.567196
0.479211
0.0640627
-0.316054
0.201298
-0.0459783
0.47855
-0.11192
-0.350551
-0.0306054
-0.601283
-0.0697129
0.206956
-0.346268
0.0731225
-0.325391
0.133937
1.0799
0.0727568
-0.646704
0.195035
-0.144486
0.234038
0.00893324
-0.185279
0.0348916
0.426582
0.0144128
-0.258765
-0.611484
-0.02222
0.0421964
-0.435506
-0.0791889
0.192312
-0.0551587
-0.268339
0.423858
0.23987
0.114123
0.557508
0.426662
0.0834432
-0.0483282
0.189333
0.386551
-0.141548
-0.646518
0.183743
-0.00214365
-0.623148
-0.33337
-0.0732282
0.109001
0.968255
0.0169696
-0.488427
0.234143
0.365676
-0.360061
0.488262
0.144269
-0.130593
-0.194878
-0.0207644
-0.157161
-0.0635085
-0.57038
0.239018
0.198952
-0.175341
0.0755868
0.294311
-0.247009
0.0582127
0.083879
0.57786
0.170562
-0.0337034
-0.00295778
0.493293
0.187715
0.399741
0.492736
0.123802
-0.0193824
0.184168
-0.278047
-0.42935
-0.365774
0.0724869
-0.364768
0.126103
0.364574
0.0454917
-0.0992897
0.106809
-0.157864
-0.334523
0.00915883
-0.190745
-0.0206829
0.276238
0.725167
0.00700389
0.13079
-0.0897775
0.445435
-0.119838
-0.120319
-0.481988
-0.706308
-0.476391
-0.752102
0.0170599
0.391517
0.105881
-0.142389
0.0472516
0.233858
-0.528824
-0.0384436
0.427485
0.0926508
0.284003
-0.19177
-0.00584137
0.566698
-0.395059
-0.0276602
0.0426804
0.537912
0.86338
0.506352
-0.625819
-0.277192
0.31988
-0.00109449
0.502472
0.183004
0.140168
-0.188201
-0.198354
-0.707294
0.0896602
-0.14558
-0.0322897
0.317142
0.432628
-0.254687
-0.452868
0.220149
-0.174462
-0.31182
0.0771243
-0.298022
-0.171512
0.0227675
-0.52561
0.0194099
-0.314994
-0.280197
-0.715108
-0.243947
-0.347005
0.416385
0.358092
-0.283014
0.0642737
0.582739
0.964074
0.106172
-0.48382
-0.106976
-0.0690329
0.113701
0.00985665
0.905685
0.475777
-0.405382
-0.0909735
0.0377943
-0.426773
-0.625616
-0.370291
-0.39771
0.0436314
0.204364
0.223356
0.479013
0.284879
0.235937
-0.113953
-0.385618
-0.287394
-0.326437
-0.36208
0.162665
-0.195789
-0.355524
-0.560194
0.0367619
0.178996
0.359561
-0.064303
0.171927
-0.161018
-0.22266
0.0606626
0.304237
-0.169328
-0.282007
0.0373601
0.309104
-0.573856
-0.263125
0.170508
0.677307
0.116771
-0.668979
0.24882
0.432307
0.157182
0.0231878
-0.394014
0.188477
-0.348744
-0.50687
0.233713
0.0676521
0.311278
-0.217653
-0.0922068
-0.43999
-0.0842156
0.148894
-0.349325
-8.97255e-06
0.160174
0.474047
0.244852
0.0961759
-0.218998
-0.067832
-0.13921
0.115603
0.0753146
-0.558737
0.426059
0.619748
0.329766
-0.165574
-0.129491
0.1417
-0.228096
-0.108877
-0.00798024
-0.461077
0.188197
0.385339
-0.191725
-0.33456
-0.563551
-0.127904
-0.130893
-0.0252099
0.41517
0.35503
0.150861
-0.112352
0.109986
0.112863
0.323595
0.0294335
0.0065516
0.338098
-0.131306
-0.111087
-0.276232
-0.211892
-0.121321
-0.299553
0.0226436
-0.732726
-0.297796
-0.252722
-0.227064
0.0184871
0.0272416
-0.24779
0.156984
0.057997
0.199561
-0.311181
0.313001
0.372496
-0.0221422
-0.229746
-0.376416
0.0649128
0.354522
-0.27864
0.0956708
-0.134541
-0.266757
-0.567193
-0.474278
-0.60479
-0.482421
0.135172
0.0758405
0.00938764
0.451895
-0.0314286
-0.102776
0.0374912
-0.436401
-0.265903
0.361078
0.522587
0.0851476
-0.43173
0.292835
0.0495725
0.354614
0.355119
0.281367
-0.537112
-0.0718202
-0.079634
-0.277262
0.0533412
0.485241
0.391966
0.0543671
-0.283643
-0.204453
-0.126311
-0.334791
-0.0175741
-0.0719398
0.0609619
0.448468
0.208483
-0.17779
-0.206515
-0.0663225
0.365749
0.0421521
0.338583
-0.119835
0.102594
-0.207397
0.169887
-0.0361416
-0.343687
0.0101276
-0.0740509
-0.0304551
0.0875084
0.4872
0.23591
0.140257
0.219677
-0.342641
-0.34783
-0.155496
0.000986963
-0.0955571
-0.0515756
0.158316
0.271001
0.0938038
-0.141491
-0.0167016
-0.0950622
0.246456
0.514608
-0.181492
0.164006
-0.188281
0.11913
0.321456
0.237497
0.159324
-0.452294
-0.245995
0.407779
0.747534
0.0965659
0.261968
-0.0102244
-0.702447
-0.237045
0.228833
-0.20626
0.0763189
-0.416169
-0.0212664
-0.191169
0.173797
-0.430601
0.128144
0.0825543
-0.550862
-0.0308873
-0.325984
-0.333622
-0.0758811
0.17523
0.174964
0.503475
0.336492
-0.00456965
0.184799
0.00421795
0.219427
0.0495094
0.0956853
-0.0664859
0.250786
-0.34523
-0.184473
-0.422747
-0.300814
0.658777
0.592294
-0.153329
-0.549452
-0.0186827
0.0412952
-0.554258
0.147235
0.109669
-0.0449465
-0.145752
0.262993
-0.0859058
0.354432
