0.280513
0.0891208
-0.191596
-0.400087
0.12175
0.270389
0.0390126
-0.487188
-0.159774
0.00717706
0.0826107
-0.0330533
-0.422833
-0.379219
0.0600812
0.00175079
0.157172
0.117338
0.127255
-0.0535458
0.108794
-0.36252
-0.0657323
0.239278
0.166658
-0.24449
-0.0863338
-0.0406551
-0.154547
-0.0673399
-0.280594
-0.124971
0.200232
0.0197617
-0.113494
0.224459
0.125606
0.0875921
0.100807
-0.117653
-0.150013
-0.040701
-0.301091
-0.013465
0.029033
0.0099892
0.118693
0.0453895
-0.0971572
-0.13271
-0.0346577
-0.163314
0.222416
-0.107672
-0.379715
0.151508
0.0595648
-0.0219993
-0.241103
-0.379658
0.0806811
0.369165
0.00989136
0.31632
0.269053
0.345779
0.0293441
0.022556
0.0416988
0.15338
-0.0672442
0.0325212
-0.206812
-0.117109
0.122345
0.0207034
0.15432
0.277156
-0.0257982
0.104098
0.0317197
-0.201757
-0.0556406
-0.0588618
-0.086349
0.119588
0.409715
-0.170913
-0.0339996
-0.444167
0.0766481
-0.181442
-0.0968215
0.0517905
0.176718
-0.26665
-0.18055
0.00949871
0.405598
0.244955
0.049942
0.104891
-0.164727
-0.259023
0.557605
0.242926
0.157144
0.0876308
-0.333859
-0.182095
-0.246558
0.0482148
0.0352602
0.322872
-0.0297795
0.0403506
0.106371
-0.190069
-0.0854918
-0.46814
0.199282
0.287095
0.314585
0.276293
0.311585
0.30499
-0.172146
-0.244236
-0.190741
0.0602597
-0.370747
0.0828736
0.0784435
-0.223657
-0.0848534
0.0047628
0.0839292
-0.263715
0.340193
-0.055114
-0.429866
-0.0224408
0.057778
-0.288537
-0.27881
0.227461
0.449417
0.0413078
0.0242893
0.118069
-0.0954237
-0.366713
-0.0233339
0.113099
-0.147477
-0.130373
0.12413
-0.0825659
-0.472086
-0.203511
0.188584
-0.0695174
-0.0232607
-0.210524
0.104722
0.377283
0.423678
0.171279
0.306074
0.144445
-0.208311
0.0865435
-0.123677
0.373745
-0.0612233
-0.161514
-0.634796
-0.663294
-0.0196015
0.274144
-0.351768
-0.36301
-0.141711
-0.458365
-0.190283
0.407986
-0.537276
0.102065
-0.111847
0.547277
-0.0888003
-0.207964
0.0172192
-0.155715
-0.0422705
0.0829183
-0.0903704
-0.289212
-0.41267
0.103957
0.0620598
-0.504838
-0.383934
0.217731
0.204833
-0.0560988
-0.179954
-0.306137
0.106519
-0.344613
-0.037638
-0.241932
-0.278195
0.30675
0.188146
0.241532
-0.148245
0.127749
0.0355369
0.152389
-0.478993
-0.250296
-0.385637
-0.134723
-0.00502687
0.118018
-0.0784409
0.160508
-0.013823
-0.0981416
-0.0860956
-0.267984
-0.381072
0.323196
-0.0642215
0.209781
-0.0592719
-0.0351544
-0.0769383
-0.0495044
-0.501361
-0.0555236
0.198633
0.226506
0.259104
-0.125144
0.0916343
0.311687
0.0191785
-0.0240203
0.114694
-0.0421088
-0.26108
-0.927981
-0.29854
-0.0838216
-0.167707
0.0254201
0.257009
0.187574
0.365265
0.134469
0.432591
-0.205374
-0.0680867
-0.0875084
0.0939591
-0.120228
-0.318136
-0.251302
-0.323149
-0.0115752
0.411311
0.327433
0.154967
0.160738
-0.0818605
-0.26432
-0.00182039
0.12284
0.0840374
-0.295603
-0.144876
-0.0513873
-0.221413
0.0330888
0.304696
-0.210876
-0.0476906
-0.510785
-0.214628
0.0025064
-0.193567
-0.104342
0.386249
-0.0226638
0.151414
0.263452
0.0991241
-0.0278684
0.151186
0.177717
0.0522308
0.21872
0.180682
-0.20663
-0.261871
-0.402489
-0.43459
0.0910936
0.26681
-0.184398
-0.0565667
-0.0115533
0.183782
-0.0279868
-0.163462
0.21551
0.42672
0.216912
-0.28854
-0.848729
-0.675851
-0.453158
-0.0755861
0.120453
0.0254507
0.195739
0.278666
-0.182452
0.265037
0.0723594
0.00246857
0.283479
0.466216
0.169684
-0.467125
-0.889134
0.0211456
-0.334019
-0.69383
-0.141893
0.203636
0.0973487
0.0892274
0.17705
0.488248
0.0215105
0.131126
-0.0151371
-0.410302
-0.0312783
0.183453
0.0419203
-0.461348
-0.109536
0.128609
0.293939
0.0893146
-0.256184
0.252655
-0.207995
-0.128043
-0.18216
-0.0908927
-0.201922
0.415959
0.0108738
-0.284795
-0.121708
-0.223863
-0.554786
-0.153487
0.0898933
0.02338
-0.10959
0.20006
-0.105412
-0.368028
-0.633784
-0.529136
0.193611
-0.483216
0.0224902
0.0236588
-0.0203005
0.300691
-0.168001
-0.437686
-0.162329
-0.164646
0.212967
0.0686326
0.247548
0.362864
0.0735787
0.143761
0.0401795
-0.0663749
-0.391368
0.208851
-0.049758
-0.103904
0.112258
0.110946
-0.0899981
-0.288167
0.385261
-0.22905
-0.272194
-0.289133
-0.313935
-0.462178
-0.205623
-0.0388178
0.196423
0.0192454
0.197786
0.14867
0.0620194
-0.138607
0.302672
0.186252
-0.01968
-0.0144099
0.365545
-0.064568
-0.128296
0.140847
0.137939
-0.257819
-0.0216011
0.129051
0.0362317
-0.0749264
0.00912204
-0.114441
-0.0547535
-0.347546
-0.102655
0.00229226
-0.500579
-0.397775
-0.0385015
0.350907
0.0729362
0.39349
0.277642
0.0105906
-0.556451
-0.21337
-0.150825
-0.00184167
0.134622
-0.195445
0.309894
-0.0805814
-0.00668596
0.200085
-0.0956186
-0.167107
0.235404
-0.0374969
-0.304793
-0.683795
-0.212828
-0.186249
0.122315
0.347048
0.459384
0.0878916
0.146886
0.320942
0.129193
-0.415256
0.0525343
-0.0310823
0.0696012
-0.0534062
-0.417265
-0.0997215
0.0215025
-0.0287479
0.0632629
0.204776
-0.0967
0.203423
0.033657
0.209335
0.275037
-0.186924
-0.17302
-0.104665
-0.00997113
-0.168426
0.0271459
-0.0703724
-0.0932291
0.212288
0.272311
-0.0107639
-0.427179
-0.536683
-0.192938
0.458392
-0.161526
-0.120035
0.159555
0.242819
0.427084
0.396951
0.104038
-0.154872
-0.202664
0.086728
-0.0609875
0.0145237
-0.181357
-0.0969366
-0.127184
-0.00619633
-0.190492
0.476844
0.165992
0.38417
-0.2052
0.233838
0.054999
-0.224941
0.175468
-0.149418
0.160295
0.135556
0.182868
0.0404686
0.22151
0.290968
-0.0247545
0.232218
-0.128077
-0.162785
-0.0298233
-0.113029
-0.230845
-0.229573
-0.00536711
-0.110221
-0.0673706
0.0377041
0.320064
0.059251
-0.215379
-0.255233
-0.366561
0.0620972
0.274821
0.176225
0.189528
-0.238189
0.354247
-0.411488
0.214459
-0.00874522
0.0654001
0.179026
0.31752
-0.0794186
-0.203112
-0.470682
-0.278566
-0.144179
0.107455
0.164044
0.0346579
-0.193384
-0.476795
-0.0432062
-0.222952
-0.0427682
-0.00304371
0.260522
0.605085
0.0166287
-0.0760589
-0.241035
-0.396029
0.127901
0.304319
-0.194173
-0.0899951
-0.111545
0.193456
-0.0995847
0.172968
