0.24819
0.10855
0.200105
0.205377
-0.0326578
0.371504
0.0866107
0.178508
0.329445
-0.0535188
0.0537316
-0.139025
-0.204719
0.00104623
-0.0441087
-0.430846
-0.0455697
-0.244743
-0.297687
-0.227429
-0.0152692
0.465979
0.216778
-0.166207
-0.137928
-0.00353743
-0.110405
0.174109
-0.0804695
0.0939485
-0.41431
0.295413
0.136906
0.134269
0.115025
-0.0496216
0.279779
-0.407764
-0.517157
0.156399
0.00324363
0.10487
-0.254028
-0.0637118
0.0690055
-0.213169
0.335189
0.237055
-0.40305
0.351031
0.323538
-0.0766307
0.483424
-0.15698
-0.140281
-0.0771049
-0.0814254
0.142248
0.111646
-0.00289325
0.312041
0.49277
0.190542
0.145114
-0.230375
0.189338
-0.317842
0.0968668
0.0175806
-0.304922
-0.0756732
-0.106852
-0.189251
-0.578996
-0.13634
0.0263552
-0.0360332
-0.0627858
0.0122088
0.0259297
0.483469
0.12337
0.100762
0.382345
0.0861129
-0.290594
0.266292
0.268487
-0.248019
-0.245828
-0.121858
-0.450217
-0.0652707
-0.176989
-0.0965783
0.342118
0.276544
0.371165
-0.337609
-0.116841
0.168273
-0.123359
-0.0406959
-0.150055
-0.130187
0.0452898
-0.299883
0.115775
0.455922
0.619404
-0.172329
-0.121297
0.213407
0.4736
-0.311768
0.437524
0.28575
-0.0898124
0.241506
0.188531
-0.00822915
-0.188951
0.0602606
0.0344639
0.117064
-0.67277
-0.598065
-0.418225
-0.0400697
-0.1673
0.0960169
0.402146
0.326051
0.0978869
-0.300911
0.0154365
-0.12336
-0.019362
-0.106516
-0.201372
0.130184
0.400458
-0.372025
-0.0453184
-0.486516
-0.445029
0.00287188
0.120213
0.242097
-0.099928
0.209355
-0.146188
0.247652
0.112852
-0.118092
-0.423241
0.121835
0.0622099
0.0313605
0.147804
0.352287
0.0286782
-0.233587
0.0372622
-0.318954
-0.178034
-0.134659
-0.135666
0.0179743
-0.394003
0.224501
0.00778555
0.0595684
-0.132357
-0.0891356
0.122426
0.214572
0.0626411
-0.0436643
0.123887
0.0136619
0.0732985
0.100394
-0.105849
-0.0245605
-0.250041
-0.0120468
0.234799
0.0646121
0.0152696
0.0852938
-0.233658
-0.0224387
-0.202541
0.136568
-0.0773667
-0.00531062
-0.0410026
-0.0525065
0.0586878
0.297556
0.208296
-0.0818223
0.108135
-0.301235
0.0630096
0.145287
-0.279703
-0.101066
0.236447
-0.187309
-0.0339389
0.100185
0.115678
0.314892
0
0
0.299231
-0.134215
-0.0865767
-0.148299
0.0523132
-0.386218
-0.688081
-0.388775
0.00806847
0.149884
0.454667
0.235627
-0.00707923
0.315435
0.527296
0.272712
-0.0406349
-0.638296
-0.0466569
0.161935
0.369242
0.0534662
0.0692618
0.0394396
0.0556948
-0.436688
-0.116139
-0.455641
-0.0475437
-0.470453
-0.346407
0.207339
0.0591276
-0.0333007
0.0959825
-0.0298686
-0.244578
0.194122
-0.708281
-0.257209
0.107146
0.180175
-0.0386649
0.243121
0.122056
-0.13993
-0.130687
-0.0209422
-0.186838
-0.391197
-0.25621
-0.490126
-0.238136
-0.282517
-0.0355776
0.0933563
-0.444707
-0.237802
-0.0340571
0.134786
0.172346
-0.181909
-0.0706008
-0.106554
-0.178248
-0.118576
-0.0885801
0.114626
0.319507
0.312614
0.157708
-0.0506318
-0.00769759
0
0
0
0.297788
-0.0681504
0.169667
-0.0975197
0.223967
-0.365388
0.155792
0.295309
0.0435613
0.391436
0.414933
0.250754
-0.0190737
0.181195
-0.386329
-0.169148
-0.178281
0.140335
0.534878
0.248938
-0.0242014
0.0387363
0.00185318
-0.184046
0.0377159
-0.0974821
0.0332749
-0.0671961
-0.251475
-0.396127
-0.0823093
-0.0161954
0.315216
0.134295
0.297066
-0.0655739
0.204494
0.206178
-0.182662
0.446622
0.501981
-0.159459
0.206654
0.165125
0.460026
0.357411
0.202631
0.11611
0.0887415
0.387395
-0.56847
-0.601402
0.105062
-0.201052
-0.764513
-0.247831
0.1266
0.217275
-0.12492
0.123919
0.0238937
0.203422
-0.0740919
0.16947
-0.0552755
0.296271
-0.0169427
0.121556
-0.00567879
-0.131723
0.0392143
-0.132921
-0.373754
-0.092874
-0.0520185
-0.357395
-0.12207
-0.0572677
-0.0693969
0.0427096
-0.179718
0.156755
-0.0754448
0.0307095
0.104701
-0.21442
-0.477752
-0.0539977
-0.0203611
-0.182249
-0.664503
0.154751
-0.144733
-0.152114
0.384048
0.374119
-0.0095431
0.223825
0.136114
-0.026592
-0.25943
-0.147099
-0.575125
-0.0954413
0.353598
-0.120645
-0.0671559
0.203262
0.103011
-0.15079
0.0882308
0.372826
0.00650088
0.169558
-0.55903
-0.455814
-0.164018
0.0480491
-0.156056
-0.415486
-0.189373
-0.230871
0.0669039
0.00590249
0.0922106
0.18478
0.0837345
0.0871377
0.212317
0.122404
0.0710546
-0.146146
-0.0567104
0.219478
0.416243
0.0148465
0.0858082
-0.0959172
-0.0597709
0.0806394
0.0969698
0.256917
-0.234055
-0.24672
0.0980961
-0.04457
0.159215
0.207027
-0.0606458
-0.324677
0.281615
-0.27709
0.113631
0.381189
-0.300441
0.111272
0.189248
0.455508
-0.568181
-0.423031
-0.195858
-0.208818
-0.548086
0.173574
0.484204
0.410986
0.2467
0
0
0.515923
0.280426
-0.328969
-0.466895
-0.242875
0.302506
-0.0431321
0.161692
0.0238181
0.186789
0.358455
-0.185723
-0.0907929
0.142141
0.131031
-0.0217905
-0.189693
0.210817
0.432563
-0.220532
0
0
0.0421646
0.0406584
0.202867
-0.164759
-0.0352
0.00966981
-0.281965
-0.207243
-0.597509
-0.342524
-0.310881
0.070572
-0.0634682
-0.425401
0.139849
0.317168
0.103323
0.117683
-0.164131
0.0462081
-0.0828758
0.175706
-0.409563
-0.258758
-0.232649
-0.0106569
0.139203
0.0435167
0.176627
0.0212664
-0.3547
0.057514
-0.110844
-0.189516
-0.312555
0.0315709
0.067436
0.86015
0.610025
-0.151737
-0.328141
-0.091953
-0.227103
-0.452627
-0.365763
0.251808
-0.128215
-0.130899
0.00238133
-0.544072
-0.183043
-0.381097
-0.205575
-0.184787
0.0435798
0.106478
0.0260704
0.0818649
-0.0204627
0.183183
0.0731107
0.370352
0
0
0.172285
0.110422
-0.32086
-0.0583663
-0.0925719
-0.728586
-0.160999
-0.253444
-0.091728
0.256284
0.00998855
-0.188328
0.10923
0.207479
0.196565
-0.260242
-0.193822
-0.329052
-0.25046
-0.0247205
0.14362
-0.195493
-0.0656989
-0.355832
-0.484327
0.197359
-0.0776546
-0.0635134
0.459163
0.359536
-0.0729876
-0.102687
0.0458973
0.325791
-0.124748
0.185369
-0.0308135
0.392743
0.318674
-0.347764
0.175868
0.413054
0.154832
-0.00344908
0.401209
0.162414
