0.139154
0.170981
0.422765
0.140965
-0.290711
0.0425733
0.0449551
-0.0814598
-0.192649
-0.565304
0.323907
0.282117
-0.373146
-0.0651652
-0.0870934
0.0436221
0.428126
0.0601432
0.198525
-0.767886
-0.66961
0.427458
0.207841
0.0149578
0.22044
0.0928542
0.137975
0.141833
0.636289
0.635841
-0.180823
0.088456
0
0
0.131067
0.172313
-0.349889
-0.276252
0.32423
-0.106081
-0.689378
0.27546
0.983137
0.103832
0.0549945
-0.426195
0.0517218
0.215934
0.288693
-0.452524
0.283226
0.0863979
0.000678474
-0.632131
0.431826
-0.144131
-0.545316
0.240094
0.0715057
-0.401138
-0.558167
0.107005
0.338527
-0.291885
-0.0873305
-0.0799473
-0.104899
-0.261703
-0.399986
-0.356471
-0.249495
-0.45928
-0.00881366
0.580274
-0.151974
-0.0534502
0.110263
0.201377
0.0527228
-0.0768645
-0.0778292
-0.428901
0
0
-0.476899
0.101298
-0.294735
-0.742343
0.799825
0.794277
0.113389
0.135749
0.0760771
-0.643259
-0.179075
-0.322613
-0.625268
0.447665
0.485725
0.210309
0.595776
-0.304777
-0.29536
0.523037
0.156775
-0.502373
-0.432036
0.270881
0.379659
0.524968
-0.324178
-0.421243
-0.00926527
-0.237633
0.0251947
-0.487247
-0.593963
0.144914
-0.165716
-0.827803
-0.49729
0.162729
0.597509
0.0550068
-0.292823
0.258029
-0.113639
0.179347
0.0333978
-0.474652
-0.280503
-0.445843
1.32232
0.328207
0.202619
0.107213
0.0829415
-0.327432
-0.151968
0.226438
0.136571
0.269233
-0.265965
0.0712181
-0.0611535
0.0240299
-0.508906
0.809128
-0.380197
0.046157
-0.245124
0.304129
-0.442753
-0.457546
0.357354
-0.196188
-0.328328
-0.166449
-0.0335698
-0.289853
0.132535
0.866543
0.501803
0.501524
-0.17438
-0.44259
-0.356634
-0.143601
-0.75509
0.104513
-0.0116508
0.589328
0.000296881
-0.168987
0.612908
-0.00555478
0.223769
0.235024
0.0677846
-0.1689
0.179898
0.525713
0.0145854
0.217445
-0.0197066
-0.167379
0
0
-0.105711
-0.264892
-0.24393
-0.249526
0.172598
-0.0175325
0.154413
0.356006
0.246412
0.159698
0.235329
-0.161298
0.0397957
-0.186065
0.0686436
-0.0218937
-0.00954967
0.135811
-0.368539
-0.358373
0.0858644
0.562574
0.0750423
0.324124
-0.363291
0.0910719
0.47196
0.552658
0.295482
-0.392533
-0.545033
0.41658
-0.549794
-0.191066
-0.221505
0.0947272
-0.25671
0.0120815
-0.0295092
0.269076
0.378518
0.172357
0.00566715
-0.166301
0.119308
-0.0471045
-0.115021
0.135238
-0.135421
-0.34352
-0.625014
0.2743
0.0886616
0.619596
0.164389
-0.359811
0.21575
0.134747
0.371884
-0.343595
-0.0771407
0.194347
0.192108
0.229473
0.142335
-0.563639
-0.390165
0.176375
-0.283525
-0.239449
0.202399
0.114722
0.133726
-0.118391
0.0454186
0.824883
-0.913918
-0.825537
-0.582154
-0.0656343
0.0496135
0.0174681
0.0865072
0.347881
0.392712
-0.0005333
0.38943
-0.143543
-0.177157
0.371987
0.0871889
-0.697673
-0.147328
-0.255288
-0.134655
-0.264119
0.322425
0.204946
0.121193
0.244121
0.242416
0.230598
0.232575
0.38111
-0.411995
-0.325638
-0.595781
-0.13129
0.175624
-0.656126
-0.672657
0.155909
0.142245
-0.236723
-0.0546192
0.185307
0.330997
0.29991
0.171197
0.285517
-0.467031
-0.223107
-0.0948852
0.40407
0.404148
0.135811
-0.4282
-0.16311
-0.351995
-0.608744
0.342001
-0.129058
0.330011
0.230029
-0.567755
-0.53814
0.304433
0.0413943
-0.194724
0.120204
0.195829
0.267283
0.0995293
0.194112
0.106948
-0.757983
-0.210595
-0.604058
-0.622358
0.525023
0.305864
-0.000740519
-0.715172
-0.130253
0.280626
0.0862447
-0.0254731
-0.285014
0.0154966
0.756864
-0.257796
-0.0287253
0.0268632
-0.691469
-0.468881
0.213725
0.221067
0.206699
0.327224
0.0553701
0.0952885
-0.0415229
0.124716
-0.119612
1.00678
0.0384717
-0.212991
0.00406659
-0.554109
-0.118051
0.225794
-0.398452
-0.839994
-0.850273
0.266489
0.911611
-0.014736
0
0.652661
0.425893
0.0339487
0.076861
0.372252
0.217617
-0.229705
-0.420421
-0.383212
-0.278919
-0.405453
-0.564852
-0.562313
-0.116854
0.0866754
0.053932
0.159793
-0.170961
-0.318174
-0.0989124
0.490498
0.677347
0.064044
-0.47125
-0.170336
0.917634
0.0609848
-0.0674168
-0.13295
0.0140819
0.307509
-0.10329
-0.61303
-0.180151
-0.297541
-0.25675
-0.359815
0.0335218
0.33311
0.332842
0.0449403
0.050934
-0.242053
-0.101804
0.188723
-0.0373792
-0.168984
0.539025
1.06696
-0.23612
-0.372719
-0.149751
-0.105608
0.478084
0.0845533
-0.0414935
-0.170502
-0.158356
-0.284529
0.016658
-0.23786
0.406029
-0.143927
-0.33235
0.421343
-0.0556867
-0.539293
0.447058
0.383571
0.0434867
-0.0132378
-0.0952846
-0.440154
0.538661
-0.202423
-0.48582
0.692755
0.65811
0.441471
0.0024036
-0.120107
-0.0664802
0.0500988
-0.683152
-0.187148
-0.0322272
-0.313459
0.0665116
0.482122
0.154479
0.388978
0
0
-0.649147
-0.14032
0.308351
-0.0444852
-0.116407
-0.411678
0.0298683
0.434646
-0.187956
-0.431549
0.27591
0.0401229
0.173255
0.285279
-0.369626
-0.796262
0
0
0.358779
0.270691
-0.161539
-0.525261
-0.0641382
-0.0174951
-0.00292026
0.056003
-0.235635
-0.131427
0.416357
0.717105
0.268487
-0.326
-0.104862
0.302614
-0.150188
0.492919
0.519088
0.243321
-0.127448
0.0337224
-0.85091
0.033572
-0.00343613
-0.100985
0.585241
0.120202
0.313379
0.0243245
-0.26935
-0.510432
-0.214127
-0.176207
-0.154188
0.406309
-0.0660537
-0.102852
0.00935315
0.197693
0.434499
0.177525
-0.0131056
0.351956
0.0851647
0.282189
0.404594
-0.283733
-0.324157
0.346415
0.0743183
-0.0166277
-0.0465429
-0.0828442
0.258439
0.0447686
-0.192647
0.0240664
-0.136026
0.211829
-0.00189723
-0.0671543
-0.715058
-0.354256
-0.0271886
0.229104
-0.144339
-0.408544
-0.269472
0.377937
0.243417
0.22964
0.291472
-0.325055
-0.0243579
0.0819918
-0.0942883
-0.146802
-0.00716837
0.219873
0.16923
0.343293
0.495841
-0.0717828
-0.261262
0.102312
0.434585
-0.274811
-0.42173
0.379845
-0.288422
-0.057949
0.28728
-0.158113
0.380656
0.462541
-0.211016
-0.339964
-0.223818
-0.262399
-0.377759
0.346585
0.0742527
-0.149218
-0.011784
0.576344
0.32247
