0.167822
0.720959
0.120421
0.141896
0.0743014
0.0908082
-0.315099
-0.49181
-0.135843
0.953163
0.396249
-0.148237
-0.0101118
-0.144852
-0.22234
-0.517043
-0.329333
0.163694
-0.105615
-0.0275671
0.0847456
0.397538
-0.38459
0.3446
0.452239
0.205333
-0.30512
-0.0541889
-0.0395744
0.0565931
-0.17104
-0.426615
-0.14234
0.131675
0.0394194
-0.23917
-0.476336
-0.341961
-0.301394
0.15132
-0.051936
-0.122752
0.198175
-0.0582391
-0.0913783
-0.0461874
0.258649
0.39217
-0.0488167
0.27528
-0.217551
-0.318581
-0.16969
-0.456112
-0.283789
-0.081818
0.0827888
-0.206247
0.289168
0.0911358
0.432593
0.152822
-0.0381585
0.127787
-0.00465585
-0.123379
0.119256
-0.188141
0.517564
0.157091
-0.275801
-0.434544
-0.560323
-0.308855
-0.0860486
0.421073
-0.155715
-0.137936
0.122395
0.194737
-0.115488
-0.169514
-0.205807
0.35745
-0.161158
-0.0129325
0.25925
0.0164505
0.456458
0.352704
-0.00764208
0.102377
-0.398744
0.0813428
0.403065
0.554777
0.0355227
-0.220376
-0.217907
-0.133315
-0.425445
0.434719
-0.330558
0.00321122
0.350181
-0.114134
-0.118623
-0.134348
-0.0733128
0.0041635
0.259901
0.295818
0.552585
-0.193071
-0.553615
0.178298
0.0779607
0.52873
-0.0386898
-0.173109
0.0451438
0.0714998
0.268291
0.0173947
0.0192822
-0.184643
-0.0469636
-0.684843
-0.0337286
0.247617
-0.226561
-0.264779
0.0463816
-0.00551972
0.297942
0.0818376
0.234546
0.310797
0.406395
0.213335
0.031098
-0.391971
-0.0545827
-0.015953
-0.129525
-0.0996763
0.198068
-0.0548736
0.0730693
-0.353066
0.274835
0.317553
0.138431
-0.160214
-0.132971
-0.227689
-0.039104
-0.325307
-0.423786
-0.0991548
0.190572
0.457337
-0.232773
-0.1357
-0.101138
-0.217603
0.437128
0.149151
-0.335049
0.0335659
0.0199829
-0.134721
-0.0871176
-0.260453
-0.152594
0.00188784
-0.273923
-0.334807
0.0747863
0.379534
0.256082
-0.226951
0.116097
-0.436039
0.182
0.339778
-0.2285
-0.00974596
0.314988
-0.196018
-0.403541
0.206997
-0.18435
-0.29523
0.124677
0.132217
0.291498
0.383767
0.378383
0.17845
-0.0140656
0.274721
0.542118
0.643678
-0.287247
-0.245211
-0.23259
-0.228801
-0.138471
0.0565192
-0.325439
-0.437838
-0.118883
-0.432186
-0.335318
0.107253
0.280956
0.791247
0.648529
-0.287531
0.317414
0.354165
-0.113934
0.1338
0.0982967
-0.0060897
0.126284
-0.0666505
-0.374408
-0.286224
-0.00589721
0.0380455
-0.111861
-0.178086
0.0153512
0.0189506
0.806343
0.49794
-0.0823575
-0.0632025
-0.349054
-0.316734
-0.385889
-0.00834919
0.059726
0.0136066
0.121676
0.0806008
-0.356563
-0.22676
0.149989
0.837497
-0.368273
0.138971
0.0651076
-0.155565
0.240261
0.452462
0.448608
0.247076
-0.248154
-0.278988
-0.431586
-0.380277
-0.0401049
0.0363942
-0.499495
-0.388576
0.0389102
0.0647113
-0.233546
-0.148589
0.117735
-0.163953
0.119945
0.179203
-0.424082
-0.212063
0.114366
0.251029
-0.0162839
0.296317
-0.174277
0.446032
0.272158
0.197514
-0.107937
0.0347415
0.476751
0.133253
-0.48388
-0.314315
0.0454219
0.00459529
0.201755
-0.174689
-0.325214
-0.316287
-0.0217924
0.108254
-0.294615
-0.0293909
-0.019643
-0.194502
0.191893
-0.209501
-0.751297
-0.175741
0.128574
0.287001
0.259989
0.0186756
0.225073
0.344984
0.14761
-0.137937
-0.343313
0.275991
-0.00454051
0.00401853
0.249012
-0.0519654
0.0936339
-0.331774
-0.573278
-0.222199
0.103959
0.175196
0.0593083
-0.329209
-0.596464
-0.345784
0.223138
0.029701
0.18378
0.029547
-0.117833
0.0270794
0.0609433
-0.156021
-0.346624
-0.691547
-0.243611
0.489292
0.787152
0.130074
-0.0240004
0.137419
-0.481349
-0.561649
-0.183794
-0.0844014
0.349836
0.595466
0.00585196
0.000376089
0.289804
0.273206
-0.0169318
-0.116286
0.470097
-0.363255
0.219545
-0.185476
-0.498169
-0.159992
-0.348223
-0.210959
0.781111
0.00435415
-0.0401794
-0.139239
-0.255937
-0.272971
0.113368
-0.0447266
-0.297093
-0.0720824
0.0640752
-0.197011
-0.700565
-0.280166
0.585332
0.446283
-0.18762
0.201049
0.303288
-0.152278
0.173952
0.167809
0.799559
-0.0475947
-0.267352
-0.0752703
-0.375957
0.0907362
-0.0274002
0.058992
0.303547
0.235136
-0.00583548
0.0320965
0.0470689
0.324022
-0.019586
-0.118673
0.274089
0.053875
0.30594
-0.164242
-0.0333663
-0.200592
-0.378962
0.0361674
-0.177737
-0.439685
-0.116559
-0.296281
0.103224
0.61494
0.359915
-0.119312
-0.257236
-0.0757899
0.404451
-0.224853
0.0508723
0.0373875
0.339409
0.327122
-0.0538161
-0.190994
-0.0622382
0.708554
0.397473
-0.155169
0.113272
-0.702381
0.0139054
-0.223307
-0.136251
0.0238825
-0.049837
-0.0526764
-0.24804
0.164349
-0.0413301
-0.099268
-0.113249
-0.0444062
0.216728
0.308785
-0.0202751
0.35285
0.124766
-0.262808
-0.671548
-0.483037
-0.00647938
-0.165822
-0.113201
0.406063
-0.134289
-0.507762
-0.186288
0.235024
0.159132
-0.0342034
0.0297461
0.128419
0.181569
-0.185002
0.155266
-0.0459049
-0.413084
0.0460041
0.204826
0.194488
-0.107175
-0.195757
-0.362242
0.477318
0.043238
-0.00497904
-0.227557
-0.162478
-0.0373865
0.327063
0.163181
0.362127
-0.207156
-0.368293
-0.446871
0.0670713
-0.231544
-0.378347
0.197102
0.375503
0.0181859
0.0534309
0.330904
0.278339
0.345254
-0.0143382
0.0988942
-0.417199
-0.361475
-0.203387
-0.0452816
0.0430887
0.0599163
0.2147
0.140342
-0.044657
0.139702
0.054919
-0.26329
0.396607
-0.1584
-0.115503
-0.201638
-0.226183
0.144811
0.141823
0.194833
-0.206173
-0.0700634
0.226996
-0.132692
0.0380284
-0.103298
0.108549
0.207643
0.11088
-0.0338087
-0.124826
0.471872
0.171217
0.0528737
-0.377984
-0.393449
-0.175606
0.0713258
-0.290769
0.167448
0.123969
0.373178
0.838832
0.252948
-0.160407
0.145386
0.33767
-0.181971
0.113214
0.153063
-0.261822
-0.599426
0.266843
0.17021
-0.305424
-0.227439
-0.100106
0.370918
0.0950364
-0.165675
-0.13013
0.0345696
0.337645
0.228829
-0.0599093
0.00742331
0.133893
-0.0664522
-0.0106777
0.153374
0.338333
-0.345087
-0.487159
-0.102858
-0.288537
0.0761642
0.0612739
0.0565332
-0.0351119
-0.00752476
-0.0508236
-0.123304
-0.0784534
-0.533578
-0.0231204
0.36905
0.429263
0.274189
0.0344148
