-0.119401
-0.446271
-0.520422
0.103661
-0.125192
0.318657
0.426633
0
0
0
0
0
0.276123
0.0395745
0.0545789
0.339398
0
0
0.220611
0.0853036
0.0787868
-0.213374
-0.021401
0.574054
-0.253509
-0.0768975
0.2696
-0.0195474
0
0
0.641987
0.163845
0.0683736
0.125216
-0.126181
0.0712273
-0.105476
-0.253446
-0.186244
0.315923
0.256713
0.494176
0.3632
0
0
0
-0.234009
-0.491869
0
0
0
-0.336258
0
0
0
0
0
0
-0.0456416
-0.210428
-0.00169464
0
0
0
0
0.0971071
0
0
0.0120395
0.0358352
-0.18642
-0.262464
-0.389163
-0.436586
-0.248939
0
0
0.110315
0.177461
-0.102846
0.22132
-0.198898
0.109709
-0.397862
0.290033
-0.0602336
-0.209229
0.175221
-0.344292
-0.0105479
-0.461156
-0.248478
0.103629
0.117625
0.0635465
0.270818
0.0415636
0.252698
0
0
0.557613
0
-0.085377
0.204586
0.272208
-0.398908
-0.106679
-0.0215875
-0.15265
-0.0491534
0.36063
0.292609
-0.242229
-0.232014
0.214296
-0.0952282
0.129257
0.138899
0.147778
-0.11568
-0.247076
0.172399
-0.21513
0.149897
0
0
0
0
0
0.264759
-0.0769519
-0.164324
0
0
0.266158
0.0767847
-0.362781
-0.272009
0.383123
-0.262583
0.0874415
0.384315
-0.231126
-0.280614
0.0333117
-0.403723
0.20088
0.776143
-0.260722
-0.586839
-0.368208
-0.168875
0.135829
0.406552
0.550898
0.581953
0.147645
0.506597
0.0304992
-0.099289
-0.369065
0
0
-0.556311
0.311273
0.202603
0.1332
-0.716443
-0.26865
0.536839
0.376429
-0.195049
-0.363343
0.296331
-0.23771
-0.00370727
-0.0234398
-0.0137794
0.0777798
-0.270571
-0.144165
-0.893375
0.356449
0.0790417
0.739946
-0.0881004
0.170197
0.14191
-0.329723
-0.167138
-0.0397416
-0.287233
-0.0355806
-0.0600838
0.140942
-0.513427
-0.443682
0
0
0
-0.357157
0.0214292
0.159604
0.200598
0.111592
-0.429578
0.00435553
0.138713
-0.457482
0
0
-0.167828
-0.109949
-0.152049
-0.0402076
0.55347
0.209208
-0.643621
0.0895542
-0.102549
0.366665
0.300663
-0.117746
-0.116969
0.205027
0.0271856
-0.171196
-0.2445
-0.102541
0.0110831
-0.145939
0
0
0.593124
0.327919
-0.188314
0.0191191
0.308107
-0.06398
-0.140802
0.082634
0
0
0
0
-0.0940602
0.0780914
-0.305458
-0.0318761
0.591431
-0.188543
-0.0119141
0.946745
0.768828
0.0313452
-0.150338
-0.553966
-0.220697
-0.167265
0.401946
0
0
0
-0.18864
-0.00472285
0.241554
0.240188
-0.0871708
-0.0576524
-0.333092
-0.218773
-0.242725
-0.29673
-0.250817
-0.0399311
0.119023
0.184923
-0.090506
-0.240576
-0.521399
0.226084
-0.619093
-0.449222
0.646641
0.729604
0.375908
0.395895
0.313847
0.3268
0.24359
0.0716856
-0.403456
0.0342743
-0.366715
0.132452
-0.126124
0
0
-1.16658
0.438306
-0.00570903
0.314809
0.0351968
0.265073
0.385404
0.131205
-0.420966
-0.331641
0
0
0.0171528
0.305976
-0.224325
0.0479477
0.645112
0.85942
0.0406458
-0.186399
-0.367735
0.147784
-0.186169
0.00690138
-0.133366
-0.303035
-0.0664636
0.238911
-0.247864
-0.357034
-0.058807
-0.309576
-0.403332
0
0
0
0
0.16674
-0.172596
0.150363
0.318432
0.140206
0.369624
0.255582
-0.309377
-0.426283
0.427735
-0.189695
-0.253221
0.263767
0.131791
-0.165029
-0.129404
-0.0165161
0.570037
0.417863
0.591435
0.369881
0.00937553
-0.174543
0.111913
-0.348836
-0.382415
0
0
0
-0.0895457
-0.0502837
-0.472005
0
0
0.66903
0.0884308
-0.0827615
0.0868105
-0.0187712
0.539468
-0.307275
-0.129226
0.168801
0.359548
-0.37331
-0.713008
0.188311
0.258287
0.388034
-0.161985
0
0
0.398137
-0.400114
0.113529
-0.0486277
-0.393616
-0.171563
-0.538433
0.507933
0.33424
-0.247421
0.0353158
0.157221
-0.0940463
-0.0931463
0.290113
0.423669
-0.268758
0.122887
0.71412
-1.22961
-0.230304
0.219004
-0.171082
0
0
0.0722149
-0.216164
-0.0758206
-0.351422
-0.114158
-0.328953
-0.368475
0.0464651
0.130112
-0.576207
-0.272124
0.00887159
0.886782
0.337155
0.295055
0.120315
-0.257821
-0.109425
-0.321226
0.391862
0
0
0.45325
0.678248
0.146646
-0.238338
-0.313834
-0.21989
0.2469
0.0375343
-0.429091
0.138605
0.147986
0
0
0
0.17249
0.768647
-0.0669369
0.842856
-0.0699879
-0.299481
-0.399492
0.124164
0.00567619
0.36814
-0.0973498
-0.294717
0.0993713
0.270765
0.19463
-0.0348915
-0.185808
0.154036
-0.0114802
-0.170171
-0.0638049
0.368753
0.479014
0.0339376
-0.133974
0.217351
0.589125
0.364588
0.233422
0.0689282
0.234648
-0.572283
-0.562439
-0.38057
0.064344
0.138079
-0.152739
-0.808656
-0.282518
0.189602
-0.0749665
0.0930418
0.0486306
-0.173801
-0.0615827
-0.105045
0.134377
0.311044
0.335468
0.0652228
0.0383508
-0.0828285
1.13121
0
0
0
-0.0132029
0.111734
0.159693
-0.0887718
-0.0978502
-0.539215
0
0
-0.546829
-0.0866894
0.194597
0.290586
0.208746
0.468872
-0.468141
-0.29676
-0.162674
0.222613
0.712661
0.441383
0
0
0.0192488
0.431053
0.186513
-0.303981
0
0
0.237555
-0.0239813
0.188152
0.240087
0.235798
0
0
-0.0626015
0.138679
-0.0208971
-0.107821
-0.401161
-0.244716
-0.253341
0.410042
0.340496
0.20429
0.575653
0.499856
0.134026
-0.200155
-0.178771
-0.351292
-0.625972
-0.122238
-0.257735
-0.0320326
0.120204
-0.0472913
-0.205792
0.136216
0
0
-0.232683
-0.0426455
0.00519661
0.0903142
0.333731
-0.238583
0.384845
-0.253891
-0.259003
0.0137784
0.0309555
0.010824
-0.0690311
0.286607
0
0
0
-0.228717
0.0694851
0.0431787
0.00305969
-0.377875
-0.390461
-0.0983664
-0.341243
0.282088
-0.203494
0.0531327
-0.525403
