-0.137407
-0.857018
0
0
-0.0546241
-0.149964
-0.144598
-0.214907
0.210958
0.00513677
0.271095
0.0537133
0.0701968
-0.0744413
0.103739
0.165375
-0.242676
-0.318917
0.0143499
-0.00225204
0.276435
0.187936
-0.187963
0.897315
0.293471
0.0963918
-0.289547
-0.356589
0.010929
0.289253
-0.0835754
-0.111293
-0.829686
-0.176978
0.0157306
0.529773
-0.0679924
0
0
0
-0.618215
0.120441
-0.169065
0.205903
-0.201469
-0.0708943
-0.0201207
0.0338468
-0.398458
0.0518966
0.279611
0.313032
-0.393876
0.0529356
0.104199
0.185574
0.668398
0.033206
0.414047
-0.44475
-0.28489
-0.0920196
-1.09915
-0.598605
-0.180969
0.0720987
-0.143495
-0.150755
0.0236426
0.466613
-0.0213308
0.197198
0.720871
0.130085
-0.633588
0.141258
0.23987
-0.162073
-0.349791
0.481307
-0.175691
-0.104001
0.162789
-0.0879505
-0.782631
-0.796474
0.0543352
0.70288
0.382803
-0.205802
0.117194
0.107261
0.0577478
0.391396
-0.178855
-0.235788
-0.0732086
0.548791
0.494927
-0.101658
0.0320189
0.237434
0.18647
0.292728
0.0175568
-0.34735
-0.0291948
-0.138152
0.00523487
-0.0847957
-0.301215
-0.218126
0.238307
-0.00693247
-0.465784
0.0163047
0.076529
-0.514723
-0.0948414
-0.0803224
0.0646279
-0.482578
-0.49542
0.0818915
-0.0434144
0.281717
0.437629
-0.503988
-0.11296
0.0145626
-0.246268
-0.155567
0.568056
0.0585022
0.291078
0.217623
0
-0.0317101
-0.344904
-0.42579
-0.48257
-0.466354
0.399415
-0.220028
-0.603035
-0.362773
-0.0197066
0.175001
-0.763321
0
0
-0.00143009
-0.145831
-0.336746
0.0125672
0.0883372
0.620579
0.678496
0.408236
0.132412
0.00324271
0.0925116
0.135596
0.716211
0.108947
-0.138402
0.0101003
-0.0746682
-0.293683
0.251347
-0.260956
-0.348848
0
0
0
-1.08995
-0.361843
-0.389451
-0.16553
0.414265
-0.4298
-0.00557721
-0.139214
-0.0241114
0.605434
0.390914
0
0
0
0
0
0
0
0
0
0
0
0
0
-0.05182
0.381171
-0.094312
0.201193
0.0182921
0.0288208
0.114343
0.243258
0.353212
-0.211416
-0.53541
0.363776
0.098504
-0.417263
-0.578994
-0.297213
-0.00157002
0.0214131
0.191721
-0.438624
0.156263
-0.210434
0.020308
-0.33607
0.196572
0.576393
0.0850931
0.0748782
0.194097
0.12086
0.580657
0.618782
0.187131
0.358782
0.30274
-0.345643
-0.29767
-0.112121
-0.394685
-0.340403
-0.0554071
0.170398
0.683952
-0.396406
0.653792
-0.00848409
-0.0710842
0.45183
0.343173
-0.174257
0.268384
-0.0309495
0.0579857
-0.010435
0.127159
0.0546465
-0.108674
-0.0240315
0.211409
-0.445332
-0.747472
-0.151763
-0.0120398
-0.168514
-0.458234
-0.17381
-0.117824
-0.24646
-0.152117
-0.319427
0.832981
1.41127
0.0913952
0
0
0
1.60879
-0.420995
0.274944
-0.38599
-0.335273
-0.803602
-0.568507
-0.100446
0.0590515
0
0
0.457485
0.129911
0.194925
0
0
0
0.462612
-0.200456
-0.153076
0.53037
0.535706
-0.27207
-0.350867
-0.0478448
0.126788
0.0284003
-0.343564
0.221239
-0.0892522
-0.349211
-0.420832
-0.225565
0.275588
-0.125751
-0.530857
0.575125
-0.0264958
0.286279
0.24569
-0.0537627
0.63126
0.755903
0.127347
-0.0569537
0.148203
0.0819005
-0.645502
-1.26785
-0.480227
-0.227327
0.185939
-0.197359
-0.0450268
0.368991
0.0542014
0.246072
0.471905
0.183742
0.388571
0.514469
1.16984
0.194026
-0.535625
0.558434
0.577602
-0.590082
-0.320492
0.129717
0.0764551
-0.467477
-0.40155
-0.453057
0.198009
-0.387917
-0.072732
0.38871
0.987434
0.348365
-0.127057
-0.636646
-0.0225732
0.344736
-0.0692847
-0.139465
0.24235
0.445185
0.28782
-0.269688
-0.038156
-0.0566799
0.56527
0.237185
0.495612
-0.0586038
1.04293
0.653899
0.160996
0.0396507
-0.352677
-0.242052
0.06284
0.243286
0.0543317
-0.151432
-0.132049
-0.320484
-0.270816
0.309235
0.417412
-0.374383
0.303003
0.765506
0.141336
-0.0680506
0.391353
-0.034336
-0.515814
0.379133
0.354155
0.266774
0.659672
0.342926
-0.567428
-1.01305
-0.34794
-0.202864
-0.449802
0.39821
0.559871
0.544175
0
0
-0.201301
0.254559
0.327431
-0.291856
-0.677075
-0.0918633
0.292525
0.244298
-0.0113878
0.0232238
-0.346632
-0.2812
-0.34257
-0.144355
-0.196429
0.44136
0.551282
0.211129
-0.483308
-0.0472452
0.308837
0.17249
-0.0753531
-0.236423
0.00652424
-0.286187
-0.116408
0.247441
-0.0943771
0.843618
0.836886
0.690667
0.253222
-0.52166
-0.278923
0
0
0
0.182864
-0.288299
0.339606
-0.184087
0.278763
1.12338
0.165094
-0.514042
-0.00558239
0.0557165
-0.0774098
-0.61896
0.0808101
0.400998
0.132495
0.0551399
0.259206
-0.32874
0.0448256
-0.039024
0.469766
0.211824
0.0254914
-0.142234
-0.21571
0.733403
0.260326
0.653597
-0.14533
0.401835
0.480202
0.509072
0.16675
-0.0230499
0
0
-0.0877691
-0.688127
-0.319141
-0.00493699
-0.320755
-0.233833
-0.347501
-0.155952
-0.00200227
-0.222453
-0.27646
0.204552
0.0883179
0.255214
-0.159682
0.00256185
0.31373
0.854834
0.401458
0.285424
0.0719716
-0.059612
0.430566
0.059046
0.428653
0.159761
-0.1967
0
0
-0.449776
0.19281
0.177359
0.166107
0.142412
-0.103185
0.0143993
-0.0319818
-0.104437
-0.179415
-0.387469
-0.341652
0
0
0
0
-0.603051
-0.180425
0.217131
0.0715715
0.0492515
0.163777
-0.71634
0.33802
0.265161
-0.546147
-0.260796
-0.0649784
0.635429
0.497703
-0.285107
0.582075
0.350499
-0.405877
0.0648174
-0.165806
0.539682
-0.201318
0
0
0.149313
0.244289
-0.217341
-0.286393
0.398057
0.00977703
0.563026
0.0778794
0.103546
0.353213
0.0667038
0.460425
0.0595923
-0.139962
0.0126623
-0.22198
0.232306
0.0542224
-0.108766
0.298239
0
0
0
0
0.549388
0.0553642
0.146186
-0.0978225
0.014559
-0.0768641
-0.15212
0.183149
-0.00553517
-0.0900786
0.0106783
-0.231231
-0.0669987
0.270436
0.233695
0.168894
0.0674898
0.42328
0.344139
