-0.232763
0.141149
-0.177218
-0.142316
-0.298055
-0.210496
0.0804297
-0.230224
0.746588
0
0
-0.541801
-0.140597
0.0356804
-0.547268
-0.0270404
0.0841724
0.144119
0.488692
0.0537489
0.11629
-0.298411
-0.479493
-0.271404
-0.490949
0
0
0
0.0155458
0.175538
0.114753
0.241159
0.130773
0.249592
-0.0503632
0.352488
-0.130785
-0.429469
0
0
0
0
-0.292363
-0.188512
0
0
0
0
0.107054
-0.224355
-0.0159152
0.260414
0.136372
-0.0072738
0.143849
-0.883117
-0.195579
0.344724
0.0755351
0.218078
-0.0190041
0.0320841
0.216472
0.100777
0.103996
-0.145496
0.156226
0
0
0
0
0
0
0.688773
0.0349089
0
0
0.367164
-0.568354
-0.571961
-0.484189
-0.331027
0.201307
0.228127
-0.309485
-0.289981
0.356083
0.106103
-0.186366
0.250902
-0.306904
-0.199542
-0.0540135
-0.00216897
0.433064
0.366248
0.150768
0.253513
-0.0631215
-0.0818028
-0.0912377
0
-0.589919
0.181276
0.0646121
0.371921
0.360536
0.502048
0.268926
-0.484283
-0.150535
-0.0646052
0.156042
0.577604
0
0
0
0
0
0
0
0
0
0
0.191042
-0.1826
-0.597698
0
0
0.0430566
0.215133
0
0
0
0
0.121206
-0.0189181
-0.244117
-0.2765
-0.184629
-0.585266
0.158056
-0.149065
-0.0964787
0.0396658
-0.226563
0.148425
-0.0742179
0.33417
0
0
0
0
0
-0.137767
0.189858
-0.108358
0.339243
0.0420859
-0.558097
-0.555152
-0.107857
0.130655
0.765291
0
0
0
-0.255936
-0.0774837
-0.223
-0.409084
0.220827
0.420946
-0.351363
0
0
0
0
0
-0.103975
0.148426
-0.364421
-0.139702
0
0
0
-0.440094
-0.0520675
0.0221568
-0.151511
0.00752189
0.35076
-0.461496
-0.842996
0.142474
0
0
-0.108589
0.0774481
0
0
0
0
0
0
0
0.245968
0.125945
0
0
0
-0.351456
0.492722
0.335521
-0.484405
-0.0659521
0
0
-0.224781
-0.196764
0
0.367846
-0.0841249
0.0656844
-0.0677218
-0.504271
0.0697721
-0.298601
-0.448085
-0.434403
-0.126778
-0.282603
0.310721
-0.017138
0.166478
0.0667916
0
0.6667
-0.0768653
0.0344278
-0.0291761
-0.053262
-0.487548
-0.0847894
0.224955
0.344077
-0.659281
-0.173913
0.365011
0.271931
0.00565622
-0.267862
0
0
0
-0.52845
-0.615516
-0.440375
0.242886
0.651854
0.442312
-0.180309
-0.411176
0.259942
-0.185381
0.0286908
-0.314816
-0.166631
-0.177341
-0.24932
-0.727158
0.0466898
0.0863672
0.030917
0.126886
0.134378
-0.196555
-0.53732
-0.0834796
0.232803
0.0210983
-0.403662
0.0964926
0.522238
0.417933
0.240955
0.270894
0
0.0935705
-0.0873602
-0.484262
0.294204
-0.177271
-0.0275865
0.13386
-0.00334668
0.0362529
0.553376
0.0680869
0
0
-0.106699
0.371014
0.0373198
-0.0557107
0.232705
9.87097e-06
-0.101418
-0.00491
0.0134163
0.00199297
-0.136279
0.0945315
0.157983
0
0
0.221973
0.533845
0.183235
0.0500592
0
0
0
-0.570297
-0.524682
0.457603
0.409854
0.161011
-0.111202
-0.277625
0
0
0
0.0799141
0
0.401433
0.205946
0.407067
0
0
0
0
0
0.0278742
-0.13084
-1.06653
-0.502396
0.00751645
0
0
-0.782715
-0.24567
-0.0156434
-0.273623
0.0734086
0
0
0
0
0.0680527
0.0935849
0.4217
0.353108
-0.0699662
-0.237118
-0.144774
-0.176742
0.117271
-0.103337
-0.152686
0.129663
-0.189395
0.0426193
0
0
0.649
0.432614
0
0
0
-0.261729
0
0
-0.0273642
0.325118
0.279658
0.455364
-0.127304
0.0603155
0.484767
0.279308
0
0
0
0.100814
0.144
0.459611
0.0525747
-0.472698
-0.472324
-0.0720094
-0.348864
-0.116918
-0.261532
-0.465935
0.614627
0.30603
-0.130362
0.492701
-0.183362
0
0
0
0.473748
0.136155
-0.0347
0.17571
0.332321
0.261933
0.278773
-0.222702
-0.61033
-0.147406
0.269831
0.416669
0.07738
0
0
-0.458238
-0.339032
0
0
0
0.0334321
-0.0481008
-0.0142791
-0.422287
0
0.396978
0.122501
-0.202634
0.499305
0.311884
-0.0177912
-0.266331
-0.280066
-0.217805
-0.272365
0.0910898
-0.194177
-0.102174
-0.480399
0
0
0.199899
-0.391735
-0.12249
-0.0987322
-0.0582758
0
0
0
-0.0862851
-0.166115
0.0263036
0.149324
0.686932
0.447556
0.00152192
-0.261217
-0.143251
-0.483096
-0.248252
0.0831283
0.450053
0.495598
-0.0150599
-0.617405
-0.0356005
0.0578655
0.46333
0.236535
0.187064
-0.19293
-0.10657
0.319357
-0.0480573
0
0
-0.296722
0.397145
0.0372874
0.312523
0.252098
-0.0681527
-0.0148426
0.0338034
0
0
0.346149
0.378619
0.110996
-0.0965083
-0.00818073
-0.323326
0.718404
1.00818
0
0
0
0
-0.0315969
0.490706
0.205006
-0.264923
0
0
0
-0.358728
-0.565779
0.109388
-0.153741
-0.277608
-0.104032
0.418069
0.702618
0.633423
0.702201
0.495353
0.215858
0.0521798
0.334046
0.132786
0.402934
0.204622
-0.0249852
0.0605328
0.0420644
-0.163674
0.0921509
-0.0710094
0.25253
-0.318805
0
0
-0.263872
-0.532085
0.0494072
0.0348158
-0.3823
0.17784
-0.282229
0.0299385
0
0
0
0
0
0.285118
-0.0157255
0.45762
0.557445
0.227218
-0.0239679
0.0672008
-0.424395
-0.420151
0
0
-0.239276
-0.0146715
-0.109625
-0.428235
-0.105468
0
0
0.292428
0.210373
0.222427
0
0
0
0.0453325
-0.289333
-0.163744
0.16892
-0.204828
-0.108765
-0.461117
-0.688001
-0.740804
-0.374953
-0.0902265
0.152178
