-0.154762
-0.555642
-0.128209
-0.163587
-0.159534
0.00612224
-0.268423
0.038435
0.067728
0.137294
-0.518738
-0.0444012
-0.0159047
-0.375978
-0.159896
0.439295
0.578682
0.132136
0.060772
-0.00864229
-0.153273
-0.735691
-0.16733
0.181426
0.208719
0.111102
-0.139525
0.020836
0.430928
-0.0644518
-0.0506701
0.0610403
-0.0895398
0.377176
0.325156
-0.224954
0.269118
0.155455
0.0708358
-0.410384
0.0355911
0.176225
-0.0251523
0.176025
-0.26197
-0.0167232
-0.118482
0.230971
0.0287312
0.0186295
0.570485
0.283531
-0.0174147
-0.0505879
-0.0845363
-0.490307
0.320746
0.00548856
-0.0610354
0.155119
-0.516115
0.263623
0.364519
0.275074
0.250783
0.0546867
-0.102984
-0.0739962
-0.479396
0.273624
0.143066
-0.221777
-0.402681
-0.0391756
0.181626
0.135135
-0.0225977
0.250636
0.0485524
-0.233601
-0.192207
0.27915
0.234962
0.226574
0.15046
-0.106601
-0.21995
-0.0568289
-0.225253
-0.380847
0.344434
0.497213
-0.197305
0.154676
0.455217
0.0949951
0.363484
-0.0310654
-0.604802
-0.410911
-0.150299
0.293284
-0.00278582
-0.494409
-0.676541
0.237477
0.840976
0.0433525
-0.495941
0.0917812
-0.334739
-0.329493
-0.0556627
0.241004
-0.0931429
-0.0753547
-0.370714
0.135108
0.532726
-0.0646772
-0.0431387
0.0352395
-0.270519
0.0713199
-0.133598
0.431017
0.146059
-0.201092
0.462501
0.2165
-0.419549
0.101995
-0.0830418
0.0617823
-0.117244
0.0770935
-0.217043
0.450314
-0.383483
-0.185154
-0.390644
-0.252072
-0.0728394
-0.162483
0.109168
0.367713
-0.0177685
0.273707
0.0361313
0.0713333
-0.103632
0.199848
-0.0118604
-0.166528
-0.34296
-0.0405956
-0.106532
0.0910758
-0.118461
0.264359
0.321289
-0.275567
-0.608039
0.340967
-0.0451382
0.0664848
0.264514
0.0189216
-0.157465
0.124732
-0.123078
-0.183055
-0.295008
-0.116766
0.0208228
0.312318
-0.0790909
0.0853158
0.0970149
0.386738
-0.0225306
0.217628
0.11411
0.0109547
-0.273063
-0.426666
-0.0662816
-0.0797543
0.0162248
-0.0769253
0.333346
0.260404
-0.139077
-0.0521413
-0.782249
0.2471
0.504574
-0.0793022
0.4743
-0.0300518
0.10284
-0.275995
-0.231071
0.178369
0.035847
0.133782
-0.0689067
-0.52648
0.309762
0.122709
0
0
0
-0.0530987
0.410805
-0.39206
0.476023
-0.145981
-0.342653
0.172107
-0.327289
-0.0528803
0.0936806
-0.211977
-0.16305
0.0217055
0.0371969
0.306291
0.071412
-0.103416
0.188159
0.246655
-0.00577412
-0.230964
-0.0451182
-0.12614
0.239861
0.0948032
-0.0110517
-0.28167
-0.253937
-0.0488722
-0.252187
-0.358021
-0.0355871
0.0180101
0.520212
-0.00547276
0.150006
0.0103514
0.0585593
0.250214
0.1671
-0.207728
0.208981
-0.362022
-0.415202
-0.137272
-0.0525719
0.275805
-0.0209411
-0.13193
0.212953
0.221818
-0.0389448
-0.208485
-0.231784
0.546245
0.562585
0.0975149
0.316063
0.182352
0.259843
-0.533616
-0.495235
-0.0631578
-0.109456
0.0419859
-0.582563
-0.243894
-0.403273
-0.226695
-0.0766076
-0.223159
-0.0753719
0.349255
0.605312
-0.00722781
-0.244092
-0.239287
0.275123
0.192386
-0.111301
-0.0138988
0.292524
0.0604702
-0.150407
-0.475145
-0.0205797
0.150414
-0.178646
-0.591817
-0.0831736
0.171239
-0.270131
0.180958
0.25881
-0.0609234
0.117328
-0.101651
-0.291496
0.026377
0.248956
0.0382836
-0.360291
-0.0354826
-0.215556
-0.143117
0.299992
0.417357
0.190115
0.198003
-0.39035
-0.344992
-0.168544
0.182311
-0.162738
-0.339821
-0.240272
0.0878793
0.462132
0.281152
0.443835
-0.332645
-0.196605
-0.302132
-0.166305
0.15599
-0.106165
0.035715
0.256675
0.214678
-0.268926
0.04066
-0.0346142
-0.0741272
0.0209011
-0.00202557
-0.245146
0.265566
-0.253311
-0.0471736
-0.389272
-0.530827
-0.193175
-0.239163
0.0136892
-0.0169431
0.279725
-0.0961394
-0.0502535
0.0530268
0.0781449
-0.112442
-0.279884
0.0107905
-0.0683336
-0.266325
-0.074257
-0.0500876
0.862455
-0.116905
-0.123905
0.449516
-0.146402
-0.129468
-0.334311
-0.131894
-0.071916
-0.0494907
0.328594
0.45354
0.0573055
-0.352798
0.375953
-0.386224
0.183325
-0.0321984
0.0694475
0.0693926
-0.0320744
-0.104829
0.00493511
0.366277
-0.0853568
-0.16545
0.31303
-0.223797
0.108406
-0.0558027
0.0500859
0.0848837
0.0559596
-0.0421231
-0.214663
0.058689
-0.185505
0.0383884
-0.343742
-0.0387659
-0.117846
-0.161343
-0.176232
-0.774088
0.222649
0.0345454
-0.116768
-0.0208307
-0.148855
-0.0140599
0.112698
-0.0361001
0.107982
0.292443
0.0375823
0.645421
0.533765
-0.141988
0.48954
0.117107
-0.299581
-0.338458
0.398792
0.279341
-0.188468
0.239602
-0.0234679
-0.0206624
0.125233
-0.133034
0.0393731
-0.221749
-0.010479
0.0727124
0.0782309
0.338041
0.255474
0.00710916
-0.0305368
-0.143548
0.461797
-0.0534761
-0.0736161
0.0765035
-0.195634
-0.0882213
-0.139855
0.0375612
-0.00429117
-0.257628
-0.424617
-0.079936
0.0562486
-0.442245
0.0390675
0.0687092
-0.217024
0.221396
0.284138
0.0718823
-0.040682
-0.234962
0.0331934
0.26594
0.126598
-0.0894166
-0.394375
-0.514484
-0.0557973
0.149064
-0.0200199
-0.0111512
0.19568
-0.0338848
0.0584944
-0.0614878
-0.0393972
0.0510745
0.184727
-0.113809
0.0548371
-0.084722
0.0938327
0.218293
-0.155614
-0.237022
-0.194478
0.379431
-0.118712
-0.214741
0.221662
0.0500955
-0.210898
-0.262331
-0.0178768
0.0894566
-0.0652521
0.360144
-0.0208989
0.221557
0.488902
-0.148924
-0.470346
-0.329537
-0.165136
0.0812613
-0.47288
0.57028
-0.0559847
0.0342393
0.380704
-0.367226
-0.25961
0.562488
0.345994
0.00186284
0
0
0
-0.247502
-0.331562
-0.011099
-0.168235
-0.192177
-0.187054
0.289674
0.0550349
0.495083
-0.0132145
0.308642
0.277863
-0.261971
0.259308
0.073877
-0.103383
-0.0786051
-0.0290286
0.033736
-0.2907
-0.171023
0.426311
-0.0699264
0.00703662
0.160203
0.0406277
0.497624
0.226412
-0.28657
-0.217121
0.268528
-0.117929
-0.00392277
-0.308581
-0.401682
-0.113556
-0.0318672
0.110777
0.103613
0.160098
-0.424943
-0.0943494
0.0122957
0.026578
-0.182138
-0.0451578
-0.239199
-0.12282
0.211664
0.150096
0.556567
0.449528
-0.259792
-0.168561
-0.0760635
-0.17706
-0.0894263
-0.0509773
0.164914
-0.029135
0.592147
0.0975184
0.111155
-0.0873018
-0.178852
