-0.480248
0.103196
-0.0227508
-0.158123
-0.385615
-0.137077
0.519991
-0.112234
-0.129306
-0.233439
-0.039302
-0.531423
-0.215401
-0.313732
-0.0946165
0.0721582
0.312182
0.101335
-0.133312
0.427291
0.150043
0.0692412
-0.00328638
-0.0765384
0.113878
0.273767
0.232084
-0.0672329
-0.114005
0.0427913
-0.301832
-0.202293
0.555292
-0.351045
-0.0619461
0.177182
0.404553
0.0372343
0.186468
-0.299684
0.102067
-0.163142
-0.350199
-0.0244342
-0.046908
0.0462813
0.00131131
-0.237245
0.175497
0.540248
-0.0165651
-0.415464
-0.087657
-0.324165
-0.111036
0.0922812
-0.101179
0.309137
0.285996
0.20376
0.317555
-0.0147366
-0.118373
0.0125001
0.212584
0.340076
0.0860582
0.0833308
-0.111943
0.11471
0.132553
0.0913625
0.116677
0.0226401
0.512552
0.40297
-0.135341
-0.513737
0.374625
-0.017441
-0.420828
-0.26794
-0.209575
0.0536012
0.124797
-0.0564875
-0.0818864
0.264195
0.260085
0.0330394
0.123945
0.127767
-0.218993
0.0960773
-0.0199659
-0.126475
-0.185826
-0.562436
-0.280847
0.198181
0.159575
-0.0685154
0.00598369
-0.0359974
0.119706
0.720381
0.471528
-0.0188383
0.230352
-0.106346
0.0658588
0.582557
0.0396308
0.337999
-0.25593
0.271567
0.0906138
0.446278
-0.0990012
0.0461447
-0.438021
-0.14185
0.00959348
0.48428
0.204803
0.00205576
-0.122135
-0.00926254
0.216488
-0.112213
-0.297774
0.105633
0.255609
0.279833
-0.183447
-0.1404
-0.174662
0.354216
0.123315
0.138573
-0.481561
0.04166
0.595607
0.17169
0.231871
0.266348
0.310893
0.417061
-0.492394
0.105739
-0.114106
-0.471029
0.0673068
-0.0957839
0.151181
-0.0405122
-0.450586
-0.53033
1.17366
0.839458
0.496978
0.566346
-0.361093
-0.544536
0.11703
0.549971
0.510259
0.411861
-0.0267691
-0.0860142
-0.0470669
0.127288
0.351583
0.0462729
0.0358791
-0.111755
-0.442884
-0.496102
0.054928
-0.0361159
-0.215451
0.101417
0.29121
-0.16757
-0.0336887
-0.266656
-0.0188683
-0.0225056
0.313288
0.35254
0.32318
-0.478079
-0.693574
-0.57155
0.00345058
0.0852066
-0.0615202
-0.0329597
0.267674
0.496964
0.388277
-0.0432321
0.0024015
-0.0334889
-0.27079
0.105053
-0.130379
0.113087
0.338193
0.252426
-0.0124013
-0.275726
-0.233753
-0.229454
0.106157
0.0348941
0.336664
0.187097
0.291577
0.292989
-0.131128
-0.0161229
0.20886
-0.193989
-0.100986
0.100774
0.0906698
-0.00837359
0.0867938
-0.26926
-0.335712
0.0511348
0.102207
0.276336
0.125125
-0.146743
-0.174587
-0.234271
-0.529364
0.430179
0.135377
0.158293
0.329768
0.362306
0.167923
-0.00865424
-0.0539711
-0.0137554
-0.0169516
0.0758388
0.221366
0.302503
0.0460534
-0.0688339
-0.387811
-0.0997568
-0.0931059
-0.122207
0.267655
0.0695472
0.00226822
0.0828664
0.144442
0.0790167
0.0661137
0.229643
-0.485735
-0.152696
-0.00905886
-0.355331
-0.103074
0.236548
0.0760332
-0.00427352
-0.195639
0.132616
0.240379
-0.262644
-0.269397
-0.302357
-0.359783
0.125657
-0.0476984
0.337521
0.376854
0.157574
0.0889847
-0.244624
-0.45193
0.159857
0.229657
-0.0741066
-0.0427353
0.0373556
0.306597
-0.10274
0.135857
0.0852515
-0.285606
-0.319025
-0.287508
0.103438
0.205996
0.25306
-0.0483225
-0.158128
-0.0304073
0.0223712
0.489909
0.495672
0.511945
-0.0440868
-0.0861532
-0.120636
-0.184193
-0.219482
-0.126112
0.204204
-0.114068
-0.375257
-0.135673
0.0394869
0.430739
0.310583
0.058592
0.214746
0.198741
-0.0839703
0.00186509
0.791064
0.234169
0.285465
0.0615494
0.0707016
0.157701
-0.0832871
0.458799
0.391555
-0.226163
0.0856444
-0.370025
-0.519535
-0.284598
-0.520074
-0.13856
0.00492521
0.321767
0.520764
-0.100876
-0.206716
-0.286603
-0.29548
-0.121762
-0.102163
-0.0792501
-0.287207
-0.0120732
-0.177074
-0.136844
0.391297
0.881971
0.13485
0.184687
0.211456
-0.0893844
-0.0167741
-0.244772
-0.269049
-0.0383628
-0.0596815
0.336754
0.365735
0.51042
0.319339
-0.0321224
0.477123
0.352964
-0.0568761
0.00797691
-0.167554
-0.123953
-0.0745181
0.0610143
0.27802
0.160168
0.713173
0.207967
0.0714484
0.0779308
-0.262183
-0.247129
0.236963
0.155311
0.0538473
-0.493375
-0.0814779
0.375184
0.20067
-0.101383
0.0973013
-0.0557279
-0.144929
-0.0495928
0.047413
0.668894
0.546252
0.019592
0.116273
-0.243206
0.022036
0.2742
0.207711
-0.0060962
0.267691
0.160576
-0.240485
-0.304845
0.0544859
-0.0362663
-0.0560177
-0.557198
-0.549644
-0.359828
-0.246222
0.159379
0.353722
0.245475
0.255066
0.194305
0.0550938
0.326003
0.164703
-0.0100078
0.166566
0.102457
0.16667
0.0213135
-0.29703
-0.0309068
-0.065317
-0.0722123
-0.240182
0.108094
0.39887
0.062177
-0.0741112
-0.0601542
0.089367
-0.0504421
0.322039
0.106509
-0.0595889
-0.580097
-0.521239
0.0160624
-0.126294
0.0441297
0.46702
0.0073551
-0.123719
0.0471829
0.14588
-0.45526
-0.2701
0.00759937
0.239592
-0.0134302
-0.165958
0.533553
0.343213
-0.161586
-0.0685968
-0.106144
-0.0165133
-0.263473
-0.0184194
0.0684839
0.187048
0.157322
-0.0280358
0.3598
0.351438
-0.0344157
0.281278
-0.134799
0.231133
0.560661
0.498275
-0.0542972
-0.182641
-0.171065
0.0503478
-0.0924839
-0.01793
-0.031674
0.119804
0.0482128
-0.0546377
0.394238
0.0333375
-0.307692
0.119534
-0.00172476
0.0572786
-0.0722284
-0.0863505
-0.155485
-0.0229923
0.00952172
-0.134584
-0.470449
-0.13909
-0.126816
-0.0370729
0.0180442
0.43883
0.221056
-0.157903
0.0943198
-0.118131
0.0238896
0.312749
0.03612
0.0567163
-0.0128301
0.0409846
0.532442
0.0224182
-0.470879
-0.238221
-0.157492
0.0968194
0.0505252
0.317754
-0.103773
0.147922
-0.0856662
-0.0136466
0.114461
0.176112
0.0519074
-0.221415
-0.12471
-0.145498
-0.0815635
0.151874
0.189831
0.116634
-0.0127133
0.195382
-0.474655
-0.378194
0.0123767
0.205606
0.320335
0.00250343
-0.102278
-0.0228033
0.37592
0.196052
0.220415
0.0848391
-0.0532034
-0.263492
-0.413336
-0.123356
0.146537
0.318833
0.0134409
-0.0757728
-0.0246472
0.0487993
-0.0027677
0.0921525
0.292679
-0.0829643
0.0792607
-0.132114
-0.337645
0.0996609
0.0703713
0.113585
0.191331
0.476158
-0.166738
0.0284929
0.250813
0.100308
-0.00302811
-0.14374
0.148034
0.512941
0.518518
-0.0889417
