0.322206
0.189567
0.200286
0.311975
-6.48745e-05
-0.215968
-0.222624
-0.127454
0.241259
0.146455
0.117107
-0.00525039
-0.140174
-0.214844
-0.17989
-0.650025
-0.00814872
0.0698013
-0.00309236
0.114363
0.127217
-0.189299
0.144142
-0.205883
-0.0619796
0.266219
0.150383
-0.175286
0.356359
0.00821614
-0.100047
-0.106682
0.346437
0.27952
-0.437209
0.218242
-0.0714941
0.114235
-0.312498
-0.524059
-0.725403
-0.429816
-0.0720119
-0.437456
-0.203741
-0.147866
0.291315
0.273895
0.110655
0.0413025
-0.0339417
-0.0833157
-0.307767
0.519476
0.117803
-0.135629
0.094009
-0.134049
-0.0552124
-0.307318
-0.336403
-0.497912
-0.339734
0.109904
0.0306791
0.139634
0.0250423
0.18978
-0.0185563
0.111783
0.579982
0.384211
0.0877513
0.222653
0.175113
0.169523
0.00876816
-0.0835722
-0.185379
0.24244
0.313503
0.581295
0.309068
-0.219086
-0.253305
-0.308491
-0.301014
0.221949
-0.0170681
0.206619
-0.0795541
-0.435183
0.262072
-0.0118385
-0.00974313
-0.147128
0.34737
0.00078351
-0.0348301
0.226879
-0.102429
0.0210713
0.0650119
0.543645
0.115339
0.0149234
0.00754176
-0.303718
-0.267792
-0.109893
-0.198782
-0.0412016
-0.0177143
-0.269255
-0.0689341
0.0404137
0.400238
0.0764142
0.151269
-0.0202073
0.32419
0.344195
0.200179
0.0504741
-0.115898
-0.00625557
-0.168006
0.0686659
-0.615211
-0.253204
-0.0632401
-0.0625625
-0.211471
-0.158064
0.122153
-0.10371
-0.368019
-0.0569612
-0.0486145
0.183407
0.134923
-0.285489
-0.165151
0.319604
0.0453587
0.0152225
0.456702
-0.165252
0.077866
0.271724
0.313681
0.507351
0.228333
-0.0688988
-0.286447
-0.292098
-0.0959164
-0.217106
-0.338589
-0.252089
-0.181242
-0.200206
0.197648
0.253857
0.246393
0.0483428
0.163359
0.205018
-0.124891
-0.00957197
0.138682
0.528065
-0.186215
-0.119002
0.117166
-0.182356
-0.164451
-0.283394
-0.338409
-0.32863
0.0512392
0.13896
0.360533
0.244526
-0.475129
0.0219935
0.329921
0.350462
0.0495616
0.0555656
0.225398
-0.268385
0.10362
0.106356
0.0270694
-0.12391
0.0625779
0.0105485
0.474899
0.209814
-0.0620459
0.26194
0.118261
0.123052
-0.0335735
-0.158768
-0.122866
0.262574
0.554117
0.246832
0.0321319
0.221079
-0.0498819
-0.287715
-0.253609
-0.45695
-0.42558
0.0355262
0.225261
-0.0721209
-0.128466
-0.208018
-0.504375
-0.16522
-0.0568274
-0.399738
-0.0403456
0.286438
-0.0124478
-0.162911
-0.428225
-0.226448
0.14959
0.324919
0.400718
-0.0420355
-0.40886
-0.247097
-0.0371994
0.221638
-0.127401
0.126004
-0.237393
-0.356973
-0.305955
0.443971
0.564202
-0.0650077
0.154895
0.376455
0.338333
0.0951975
0.302722
0.255853
0.209706
0.448759
-0.298394
-0.366214
-0.229736
0.0824121
0.278933
0.145925
0.247181
0.395692
0.282223
0.325647
0.270576
0.348712
0.0420475
-0.40439
-0.180969
-0.0197786
-0.0970247
-0.0200802
0.0419218
0.153188
0.153484
0.33487
0.076817
-0.105322
0.310147
0.0252414
-0.361968
-0.226445
-0.115515
-0.349524
-0.125789
0.316754
-0.0162914
-0.210818
-0.115894
-0.0562114
0.25714
-0.122474
0.0902432
0.0875309
0.136182
0.254808
-0.219462
-0.17075
-0.102707
-0.00472422
-0.254661
-0.275847
-0.121054
0.123885
-0.493012
-0.0935167
0.10973
0.51787
0.0512955
-0.100911
-0.26717
-0.141463
0.0921628
-0.00582878
-0.049412
-0.259956
-0.132796
0.12459
0.0494912
-0.151549
0.0659324
-0.149227
-0.210548
-0.0570326
0.297249
0.0509836
0.253966
0.0158153
-0.219977
0.360374
0.324688
0.253003
-0.404197
0.5327
-0.034759
-0.401538
-0.120132
-0.18281
0.149136
0.0957547
0.0163623
-0.133303
-0.271613
-0.234001
-0.130708
0.295226
0.0491107
-0.348527
-0.0341954
0.0150175
-0.193809
-0.437953
-0.153894
-0.0234051
0.348277
0.363795
0.176992
0.0434148
0.355766
0.219026
0.624175
0.33572
0.162165
0.279142
-0.371478
-0.264903
-0.14757
-0.0171088
-0.363277
-0.0323411
0.0862861
-0.0443808
0.383265
-0.0189084
0.656236
0.659576
-0.0224521
-0.108055
-0.289935
-0.0923626
-0.892504
-0.785791
-0.684024
-0.206232
-0.511301
0.111295
-0.0648951
-0.0922405
0.219406
-0.396975
0.176783
0.0537381
-0.235718
0.173697
0.115705
0.140383
0.0571505
-0.161679
-0.173117
0.252576
0.102723
-0.376444
-0.345773
-0.0010861
0.173672
-0.0409907
0.109186
-0.41365
-0.151202
-0.103462
0.179921
0.142674
-0.280378
-0.521024
-0.268823
-0.0168636
0.321598
0.0082397
-0.526137
-0.525818
-0.347502
-0.199896
0.450135
0.00968209
0
0
0
0
0
-0.106039
-0.0153487
0.25706
0.169828
0.286582
-0.096717
-0.0579579
-0.170454
-0.300881
0.0258177
0.0223277
0.0576586
0.330739
-0.0533356
-0.381865
-0.824156
0.127236
0.360965
0.56371
0.282397
-0.212755
-0.0246059
0.440493
0.164183
0.0689637
-0.120492
0.125301
-0.109579
0.49241
0.223871
-0.0506294
0.131604
0.388955
0.225174
-0.0525386
-0.26104
0.242633
0.137709
-0.210715
-0.0161638
-0.0166339
0.0515745
0.142259
0.273332
-0.0324534
-0.0558129
-0.136564
0.203547
-0.14306
-0.383891
-0.397527
0.208647
0.122512
-0.124126
0.111998
-0.1006
0.303718
0.519792
-0.164094
-0.151466
0.0186345
0.0595858
-0.0359989
-0.351623
-0.129594
0.316692
0.0362347
0.133176
0.432904
0.0683857
-0.052991
-0.226272
0.171833
-0.10927
-0.144122
-0.222218
-0.376356
0.0581855
-0.115552
-0.117939
0.0878974
0.0112628
-0.072196
-0.359494
0.094161
-0.044214
-0.35072
0.0828956
-0.276432
-0.256073
0.0123707
-0.0831188
0.0520693
0.0743956
0.0900815
0.00999582
0.175506
-0.228048
-0.237877
0.0940867
0.429406
0.235431
-0.123622
-0.00275786
0.0270023
0.000613932
-0.366746
-0.350536
-0.446322
0.150571
0.191555
0.204065
-0.152875
0.0622046
-0.107864
0.0170354
-0.0640538
0.0289374
0.0211471
0.130427
0.193611
-0.426169
-0.114113
0.0214318
0.057992
0.0388463
0.331306
0.188734
-0.029667
-0.30476
-0.286469
-0.304751
-0.286406
-0.642439
-0.282279
-0.262356
0.123551
-0.169302
0.0646883
-0.223028
-0.163791
0.112783
-0.120035
-0.327246
-0.419872
-0.131872
0.200456
0.256177
0.299873
0.614668
0.572547
0.476704
0.350481
0.0709872
0.300437
-0.00896516
-0.277373
-0.344334
-0.289369
-0.105117
-0.182975
0.653053
0.275419
