0.496018
0
0
0.267927
0.0655138
-0.408507
0.126054
0.438015
-0.0997776
0.0678704
0.369073
0.259021
-0.148176
-0.200104
-0.0580887
-0.444173
-0.212199
0.129411
0.460603
0.0407814
0.354909
0.366649
-0.323879
-0.131942
-0.030593
0.494104
0.197969
-0.531538
-0.174074
0.0902469
-0.050531
-0.0181002
0.155304
-0.393615
-0.280817
0.0569424
0.475405
-0.30623
-0.235076
-0.565855
-0.164691
-0.0346781
-0.246011
-0.739031
0.0240689
0.0576898
-0.274172
0.0403445
0.245389
0.0473839
-0.0565902
0.658075
0.584343
0.190628
-0.0464456
0.279561
-0.132854
-0.402505
-0.305762
-0.142367
-0.0316267
0.114888
-0.0794497
0.35759
-0.169637
0.441474
-0.328299
-0.369994
0.129227
0.388785
-0.256711
0.519636
0.0840952
0.0893878
0.119906
0.0414222
-0.0213477
-0.376115
-0.0619537
-0.0443395
0.208516
0.0108102
0.131446
-0.137053
-0.0950352
-0.145872
-0.0349786
0.161465
0.313668
0.493243
0.179401
0.305861
-0.112394
-0.511089
-0.204357
0.148587
0.0634403
-0.0769264
0.137385
-0.0123129
0.0979178
0.151939
0.0380142
0.130682
-0.0934928
-0.377764
0.0678393
0.135939
0.391567
0.344809
-0.0358788
-0.324445
-0.395228
0.276079
0.195146
0.0885719
-0.144242
0.37168
-0.0609796
-0.557061
-0.498909
0.0323211
-0.28128
-0.189342
-0.470421
-0.33034
0.291795
0.523604
0.417091
0.376518
0.38684
0.151161
0.381069
-0.501672
-0.695562
0.261454
-0.0849345
-0.26405
0.633042
0.416994
-0.0754816
0.266106
0.0192746
-0.583122
0.0888432
0.167618
-0.134347
-0.0741663
-0.205143
-0.341554
0
0
-0.0419335
-0.126874
0.130922
0.368662
0.458992
0.199677
-0.110089
-0.197984
0.421833
-0.00333224
-0.106702
-0.130688
0.112805
-0.299667
-0.0579265
-0.141489
-0.555792
-0.684943
-0.0120753
0.306653
0.0461937
0.00538616
0.127154
-0.110347
-0.136817
-0.130934
-0.025737
0.143377
0.0930247
-0.180437
-0.000273442
0.0227525
0
0
0.318411
0.22781
0.0797157
0.222881
0.240713
0.166906
0
0
-0.672227
-0.117831
0.0433486
-0.3027
-0.0902973
0.36103
0
-0.408147
0.120669
0.259763
0.224763
-0.0661077
-0.323011
-0.0613642
-0.175909
0.124417
-0.12489
0.240272
0.482344
0.0643382
0.131555
0.126818
0.417436
0.293921
0.436048
-0.112637
-0.492999
-0.0513194
0.0386258
0.189437
0.087836
0.484446
0.122194
0.29702
-0.141992
-0.11256
0.155338
0.160557
0.528453
0.650458
-0.067825
-0.385707
-0.267137
0.46552
0.374405
0.349845
-0.402323
0.136684
-0.0302309
-0.289582
-0.230702
-0.44828
-0.0732241
0.0985391
-0.149137
-0.256504
0.111588
0.465538
-0.391905
-0.659621
0
0
-0.382667
-0.101006
0.226739
0.200937
0.757296
0.0146137
0.271317
0.137332
0.097566
0.3694
0.292619
0.163573
-0.0157038
-0.20858
-0.0305688
-0.3247
-0.0320142
0.0290532
0.330721
-0.274384
-0.0596331
-0.127703
0.425328
0.279057
0.458562
-0.145863
-0.4476
-0.385383
-0.25325
0.296031
-0.0431932
0.00808947
0.480064
-0.123386
0.423964
0.175486
-0.178984
-0.191388
-0.220046
0.487427
0.0176856
-0.0831626
0.0910169
-0.733047
-0.290962
0.0380129
0.033931
0.188461
0.0473631
-0.275833
-0.0184168
0.0883133
-0.131795
0.143808
0.251705
-0.261779
-0.44956
0.974665
-0.360606
0
0
0.166371
0.0839659
0.12303
-0.289009
-0.50864
-0.0852916
0.143047
0.248258
-0.341163
-0.156054
0.128552
0.105398
0.20776
0.320227
0.403269
-0.227575
-0.283086
-0.121771
0.482827
-0.219202
0.430354
0.198395
0.447881
0.174375
0.674466
-0.0494889
-0.191451
-0.081613
-0.182218
0.0594066
-0.372022
0.245285
-0.120892
0.090733
0.34783
0.170193
0.0693369
0.174014
0.270413
-0.444747
-0.526465
-0.00413009
-0.0825281
0.397082
-0.000174629
-0.612918
-0.0598106
0
0
0
0
0.113019
0.274555
-0.414019
-0.0970882
0.423197
0.0791033
-0.0655321
0.377655
0.218265
-0.258704
-0.345126
-0.00985687
0.477688
0.216847
-0.239236
-0.0209261
-0.0496923
0.299526
0.247629
0.192991
0.132902
0.391393
0.158939
0.463847
0.200144
-0.166578
0.0376605
-0.209111
-0.193626
-0.175035
-0.162191
-0.125632
0.0517729
-0.229858
-0.250349
-0.448138
0.342221
0.235689
0.140848
0.173477
0.0180251
-0.508539
-0.253681
-0.0645599
0.410397
0.0904496
0.209218
0.120216
0.366614
0.105474
0.299233
-0.0532404
0.220888
-0.446926
-0.257931
0.349243
0.214762
0.0372015
0.375949
-0.00362978
-0.26317
-0.333824
-0.0134479
-0.206137
-0.215366
-0.150718
-0.345141
-0.283775
0.170849
0.246691
-0.0244703
0.396597
0.234499
0
0
0.852808
-0.134148
-0.180433
-0.0743964
0.218608
0.112316
-0.177512
0.255295
-0.0247608
0.343515
-0.158179
-0.114826
-0.174586
-0.667158
-0.218494
0.142796
-0.42317
-0.354345
-0.475313
0.0527907
0.194057
0.140453
0.543944
0.653163
0.207005
-0.00232102
0.242589
-0.180625
0.0990747
-0.111384
-0.178136
-0.241126
0.127518
0.0839317
0.112664
0.0879956
-0.124889
-0.0638221
-0.119622
0.0181028
-0.12974
-0.422549
-0.331772
2.04693e-05
0.811743
0.471286
-0.116394
-0.115568
-0.454292
0.349056
0.0172288
-0.679606
-0.328123
0
0
-0.335288
-0.0530538
0.0657997
0.176408
0.3188
0.057606
0.100163
-0.267298
-0.0311908
0.158752
-0.330624
-0.16873
-0.295535
-0.0922911
-0.119906
0.250564
0.474259
0.452998
0.502157
0.0869919
0.762659
0.139998
-0.232165
0.158487
-0.448346
-0.0104607
0.335521
0.366539
-0.403849
-0.100322
-0.51069
-0.286616
-0.0604069
0.42599
0
0
0
-0.203408
0.0222126
-0.0907053
0.0628451
0.0558476
0
0
0
-0.352298
-0.124107
-0.279935
0.147821
0.35984
0.245361
0.313386
-0.366366
-0.0735731
0
0
0.558126
0.0141089
0.341408
0.602514
0.130955
0.0912967
0.193887
0.112476
0.564386
-0.0388674
0.261056
0.213807
-0.188538
0.00271452
0.21278
-0.258588
-0.155015
0.215472
-0.0782678
0.258526
0.147343
-0.0329742
0.384174
1.10082
-0.387327
-0.790062
-0.427553
-0.0927958
-0.87292
0.0347185
-0.347324
0.0735574
-0.0245626
0.117015
0.0865378
-0.526045
-0.353838
-0.0665268
0.0462792
0.0055821
