0.0659792
-0.52457
0.0417599
-0.605673
-0.142046
0.0174491
0.460648
-0.107976
-0.325952
-0.180313
0.308186
0.165036
0.114045
0.109009
0.44413
-0.0928123
-0.0467467
0.184186
0.0603776
-0.151165
-0.298634
-0.686158
-0.771601
-0.586684
0.146743
0.308816
0.173758
0.168536
-0.210946
0.350266
0.253922
0.174199
0.182396
0.049194
-0.224524
0.329243
0.408162
0.349732
0.397998
0.177591
-0.000393892
0.0690837
-0.510283
0.0068564
0.0969867
0.321527
-0.888839
-0.0992676
-0.165916
-0.182015
0.245513
0.435192
-0.701358
-0.055023
0.666543
0.49215
-0.176221
-0.389797
-0.333329
-0.218219
-0.0350203
-0.2282
0.174367
0.260252
-0.083493
0.0195586
-0.293781
-0.441864
-0.15634
-0.118378
-0.226929
0.0633505
-0.201216
-0.0622915
0.0867426
0.594492
0.444416
0.349218
-0.177454
-0.41367
0.441566
0.326264
0.160296
-0.295681
-0.0702337
0.187574
0.262158
-0.0446378
-0.024445
-0.126642
-0.378901
-0.643738
-0.297363
0.304796
-0.294728
0.0375889
0.187898
-0.0789592
-0.0892882
-0.529055
0.0940554
-0.240105
-0.387503
0.353356
-0.212514
0.720885
0.422673
-0.0838527
0.221486
-0.378941
-0.194988
-0.582413
0.0731878
-0.115052
-0.0470079
-0.242027
0.0267354
0.159898
-0.542812
0.130567
0.36392
-0.00330667
0.0788425
0.0562513
0.491992
-0.211757
-0.213743
0.0480713
-0.0915532
-0.190654
0.137231
0.332226
0.0480037
-0.223606
0.38552
-0.437004
-0.35183
-0.391976
0.210764
0.375347
0.0603837
0.210138
-0.125627
0.0341509
-0.107439
-0.0230828
0.307688
-0.0235852
-0.0788558
0
0
-0.302123
0.200008
0.310057
0.284274
0.368388
-0.28233
-0.196742
-0.113871
0.217886
0
0
-0.297757
0.384459
0.259263
-0.185043
-0.0247097
0.113287
-0.422507
0.333656
0.537966
-0.0329639
0.292723
0.536438
-0.114545
0.188467
-0.171895
-0.380258
-0.00154677
-0.272811
0.504204
0.38847
-0.668436
-1.26579
-0.524625
-0.151657
0.373469
0.415043
-0.138864
-0.344382
0.0279442
-0.0486451
-0.163743
0.135643
-0.233444
-0.509001
-0.165178
0.188105
-0.0663423
0.0954541
0.255618
0.0782001
-0.26133
0.021489
-0.364365
-0.709988
-0.03941
0.290063
-0.17838
0.35032
0.572674
-0.524742
0.189228
0.23915
-0.186458
0.0977939
-0.4272
-0.048249
-0.188092
0.460767
-0.14841
0.30189
0.215459
0.419043
0.162833
-0.0796192
0.012271
0.210725
-0.449935
-0.267247
0.030744
-0.374928
-0.282587
0.248612
0.155875
-0.578761
-0.429742
-0.129536
0.351771
0.0801883
-0.268821
0.132479
-0.0609595
-0.162939
0.0978287
0.0849642
0.571574
0.0713819
-0.481104
-0.394782
-0.613871
-0.0217108
0.5827
0.469686
0.0816679
0.0751629
0.150897
-0.184548
0.217014
-0.511285
-0.449922
0.00416134
-0.373958
-0.386093
0.213898
-0.190605
0.431401
0.0376475
-0.728744
-0.369016
-0.293315
-0.355938
-0.0452855
-0.00121105
0.271779
-0.130192
0.142148
0.317854
-0.294504
-0.641049
0.543578
-0.231989
-0.303449
0.127104
-0.0670146
0.522461
-0.0357398
0.634776
-0.388024
-0.00654883
0.0885178
0.100028
-0.317043
-0.126326
-0.0784226
0.00455311
-0.0545912
0.0301869
-0.248225
0.127984
-0.285606
0.103767
0.0290364
0.138678
0.0131573
-0.1685
-0.275275
-0.393563
-0.143731
0.646352
0.378154
0.396507
0.894632
-0.245113
-0.513074
0.104421
-0.377166
-0.358543
-0.161046
0.0935699
0.130561
-0.243371
0.190985
0.484739
0.192775
0.283698
0.107415
-0.079393
0.0569088
0.223883
0.432136
0.114123
-0.590736
-0.258771
0.411063
0.249973
-0.263109
-0.383499
-0.245456
0.204369
0.000334981
-0.116401
0.153674
0.357563
-0.0253207
-0.316555
0.655727
0.00590736
-0.0281855
0.000241868
0.296724
0
0
0.177785
0.245738
-0.20725
-0.202031
-0.172868
-0.542085
-0.070293
0.355677
-0.0911793
0.152149
0.339734
-0.0800573
-0.334685
-0.293129
-0.513757
0.155556
-0.481412
-0.0979402
0.355946
-0.153666
0.286833
-0.0113732
-0.161623
0.325536
-0.42089
-0.425025
-0.0306072
0.158305
0.0846829
0.407839
0.0823289
0.274739
0
0
-0.485961
-0.264722
0.0421218
0.224041
-0.268944
0.329835
-0.202342
-0.675044
-0.097599
0.506639
0.120142
0.286099
-0.0119042
-0.266034
0.00666082
-0.311172
-0.223783
0.136774
0.0935826
-0.104349
0.0719197
0.136338
-0.217074
-0.514262
-0.242744
0.247223
-0.234301
-0.0692787
-0.0684035
-0.0953798
0.3615
0.134904
0.294528
-0.0530357
-0.0318685
-0.163639
-0.0101081
0.0832471
0.227443
-0.0321988
0.3164
-0.0263724
0.0133518
0.312974
-0.374964
-0.072557
-0.398136
0.557185
0.445362
0.265484
-0.242349
0.0602641
0.287623
-0.180835
-0.0775074
0.575414
-0.0687482
-0.069605
-0.447952
-0.393447
-0.146662
-0.0406806
0.222013
0.530015
-0.20728
0.0648309
-0.0409018
-0.223461
-0.467848
0
0
-0.29806
0.276564
0.40638
0.226991
-0.0388654
-0.324077
0.135181
-0.133684
0.233918
-0.422227
-0.242549
0.242491
0.0864302
-0.110678
-0.328147
-0.165896
-0.254864
-0.0288017
0.107445
-0.0288236
0.0807531
0.358042
-0.173995
-0.397659
0.0959231
-0.479924
-0.523184
0.185506
-0.0182643
-0.0127239
0.37266
-0.336263
-0.156739
-0.370823
-0.240891
-0.0208001
0.0644366
0.121487
-0.214529
0.0180118
0.0621068
0.338706
0.787065
0
0
0.149749
0.0951823
0.45477
-0.224913
0.189872
-0.287236
-0.481567
0.111012
-0.447573
0.0547643
0.397073
0
0.149272
0.256598
0.728838
-0.542284
-0.685736
-0.194417
0.342589
-0.113199
-0.640393
-0.0884616
0.0875812
0.202169
0.364567
0.488537
0.55804
0.168506
-0.313406
-0.0110474
-0.394631
-0.108289
-0.0604511
-0.255501
0.00316887
0.30783
0.321593
0.721518
-0.2226
-0.429521
-0.151888
0.273596
-0.332856
-0.339817
-0.251093
-0.181639
-0.0657385
-0.140143
0.576142
0.23883
-0.017842
-0.0994766
-0.0216026
-0.0807027
0.127531
0.0333619
0.339679
-0.0809603
0.268696
0.568259
-0.51345
-0.15371
0.0963498
0.233769
0.507744
0.312567
-0.529752
-0.717955
-0.285609
-0.16828
0.621935
-0.166014
0.153825
0.146029
0.354433
-0.0889164
-0.389884
0.0815858
0.00421826
0.0687487
-0.0346407
-1.04403
0.245113
0.0723651
0.101815
-0.146292
0.0621461
0.034058
0
0
-0.367893
