0.867142
-0.0708718
-0.0523815
0.103723
0.33084
-0.0150019
0.127516
0.0455683
-0.198868
0.0618792
0.0807397
0.215352
-0.0301308
0.400703
-0.122369
0.00720901
0.165107
0.316634
-0.60548
-0.339769
-0.0869183
0.161349
0.0445268
-0.280889
-0.46222
0.0887626
-0.168727
-0.170483
-0.360229
0.35151
-0.308536
0.350864
0.362587
0.0284804
-0.166188
0.0742868
0.611677
0.338741
0.0977442
0.416363
-0.512397
-0.20155
-0.184368
0.135189
-0.143895
0.203122
-0.646541
-0.238668
-0.0483394
0.0377906
-0.107572
0.0602101
0.512094
0.178098
-0.17078
0.078803
-0.467064
-0.479232
0.301848
0.255193
-0.142775
-0.0155776
0.0494556
0.165907
0.286769
0.127115
-0.212204
-0.0242405
-0.237091
-0.337179
-0.156787
-0.596715
0.19647
0.100001
0.358208
-0.334201
-0.0651376
-0.704174
-0.292119
0.34806
0.158367
-0.0568345
0.472009
1.16432
-0.334443
-0.220992
-0.318344
-0.213791
0.250609
0.319078
-0.308836
0.0270351
0.0821858
-0.103685
-0.325055
0.0955501
-0.127261
-0.0151035
0.466093
-0.647574
-0.451275
-0.256632
0.0393131
-0.496151
-0.0479446
-0.273514
-0.00698726
0.323932
0.521391
0.315695
-0.303595
-0.389311
-0.817181
-0.537573
-0.408876
-0.262199
-0.345193
0.275543
-0.052172
0.104519
-0.160718
-0.492736
0.0745985
-0.0165276
-0.106233
0.486569
0.190154
0.0833412
0
0
0.124937
-0.124854
-0.00394311
-0.0275812
0.252469
-0.231216
0.131229
-0.720193
-0.324877
-0.039147
-0.159544
-0.0377658
-0.0213135
0.187307
-0.352862
0.133005
0.505464
0.123332
0.245014
-0.240368
0.178777
-0.066661
0.11659
0.424155
0.410359
-0.211979
0
0
-0.540985
0.0786083
0.664766
-0.361383
0.0128925
-0.288352
0.00171809
-0.0773144
-0.475796
-0.0407083
-0.469516
-0.04023
0.408379
-0.578948
-0.392685
0.519716
-0.200641
0.123699
0.17625
-0.0145072
0.781507
-0.0817715
-0.444377
-0.302018
-0.135077
0.672272
0.384709
-0.223417
0.00983221
0.257752
-0.0918207
0.0518474
-0.0195099
0.213865
0.0744857
-0.463801
0.27738
-0.0626781
-0.163543
-0.0353091
-0.104147
-0.514532
-0.425428
0.147027
0.194652
-0.079774
-0.415566
-0.396522
-0.0302731
0.773042
-0.000709503
0.0170204
-0.0378556
0.30259
-0.13085
-0.386371
-0.198199
-0.190021
0.305956
0.143219
0.327395
-0.0242781
0.422125
-0.269321
-0.13407
-0.205954
-0.388061
0.0935342
-0.293277
-0.344195
0.109979
-0.157293
-0.255634
-0.444764
-0.186293
0.80509
0.6648
0.239877
0.255027
0.131345
0.644772
0.573903
-0.129991
-0.225874
0.0722006
-0.410909
0.572434
0.130331
0.00602318
0.426147
0.0217941
-0.226043
-0.466594
-0.144412
-0.031096
0.111329
0.529832
-0.0875492
-0.0912679
-0.0874009
0.158416
-0.200937
-0.149618
0.0996113
0.218702
0.191278
-0.178999
0.910041
-0.142936
-0.119696
0.00823931
0.289167
-0.146499
-0.484169
-0.476644
-0.293362
0.250533
0.332014
0.237806
0.171572
0.00141071
-0.475002
0.032764
-0.0239094
0.299796
0
0
0.1063
-0.170266
0.0848277
-0.0325386
-0.14007
-0.0574271
0.254241
0.433914
0.0202698
-0.189459
-0.292407
-0.246694
-0.0686698
-0.162621
0.295282
-0.211311
-0.19085
0.0666632
0.327741
0.265067
-0.285794
-0.0677651
-0.265078
-0.0843742
-0.0798176
0.283371
-0.0832793
-0.0415311
-0.189779
0.718077
-0.28777
-0.107717
-0.111258
0.0727598
0.28632
0.123825
-0.720947
-1.07246
-0.0814237
0.0865531
0.231839
0.0239608
0.224967
0.243228
0.92511
-0.704036
-0.870272
-0.121306
-0.177593
-0.34841
-0.048009
-0.0955571
-0.20713
-0.12353
0.258576
-0.185623
-0.0792397
-0.316049
0.0523164
-0.000344446
-0.202272
0.292326
-0.474366
0.792573
-0.379225
-0.326125
-0.0381453
-0.28508
-0.0179824
0.300119
0.0288485
0.154607
0.442069
-0.204735
-0.479866
-0.25794
-0.360711
0.124708
0.266236
-0.293003
-0.316251
0.148731
-0.327082
-0.220409
0.192791
-0.0184264
-0.296998
-0.372843
0.0212269
0.0100992
-0.203498
-0.00249683
-0.0666916
-0.0671044
-0.0829431
-0.359944
0.241702
1.36327
-0.0836376
-0.14099
-0.151378
0.219167
0.861243
0.683392
-0.0594398
-0.00134956
0.308078
0.257186
-0.315858
0.584179
0.13874
-0.222933
-0.371177
-0.423432
-0.31419
0.264762
-0.187424
0.0673377
-0.0499528
-0.412255
-0.413454
0.457723
-0.0946312
-0.472674
0.225718
0.169101
0.0447404
0.388469
1.01995
0.0289846
-0.67176
0.594118
-0.0764384
-0.297496
0.207273
-0.21807
-0.194556
-0.253169
-0.244338
-0.0863569
0.180872
0.718094
0.255344
0.187159
0.159474
-0.0231479
-0.541591
0.0755079
-0.124414
-0.254785
0.535977
0.200551
0.133081
-0.176644
0.0244715
0.211164
-0.0664483
-0.0347236
-0.119275
-0.136266
0.122601
0.0720599
0.0793858
0.224701
-0.144542
-0.362022
0.0793174
-0.227369
-0.209382
0.0269918
0.091376
0.0918154
0.263963
0.0458608
-0.314185
0.118862
-0.265735
0.122413
0.1513
-0.127563
0.130238
-0.276481
-0.215314
-0.131314
-0.0942034
0.0593017
0.0324804
0.382649
-0.114145
0.212661
0.206909
-0.295613
0.0755677
-0.0168574
-0.121352
-0.07146
-0.193084
-0.367167
-0.23285
-0.262506
-0.467341
0.178349
0.319373
0.38824
-0.431296
-0.421348
0.103259
0.731992
0.199769
-0.245039
0.291254
-0.0956108
-0.174564
0.011364
0.22806
-0.119845
-0.367433
-0.21768
-0.125254
0.20788
0.00135494
0.136509
0.088581
-0.0926589
-0.109729
-0.248873
-0.264798
-0.124718
-0.000515304
-0.311547
0.483717
0.424616
-0.0810517
-0.207897
-0.188013
-0.235178
-0.191749
-0.0616238
0.316519
0.451322
0.126687
-0.364736
-0.193234
0.350468
-0.337866
0.16166
0.0503133
-0.107915
0.0128359
0.0491364
0.253622
0.355472
-0.2535
-0.426193
0.0541457
-0.272986
-0.545027
0.459865
0.269371
0.139876
0.0670553
0.213691
0.246072
0.457077
-0.0187364
0.267577
-0.0342761
-0.196563
0.0790565
0.193655
-0.301795
0.668132
0.227735
-0.234728
-0.429588
-0.552249
-0.188017
0.0179997
0.0230491
0.342322
-0.587429
-0.192388
0.335646
0.666936
-0.41803
-0.168955
0.310198
0.158369
0.15463
0.0386062
-0.225412
-0.307981
-0.0492974
0.115051
-0.098269
0.220611
0.294854
0.0185217
0.12259
-0.798337
-1.01386
-0.274718
-0.0657134
0.244601
-0.332102
-0.298022
0.0982419
0.119091
-0.22887
