-0.0221198
-0.118085
-0.0634917
-0.155391
-0.227724
0.108016
0.158449
0.427662
0.195106
-0.104587
-0.109115
0.0659108
-0.0724757
-0.120094
-0.115797
0.0915162
0.00643355
-0.122519
0.195781
-0.0487039
0.157602
-0.254722
0.051392
-0.0561333
0.0630902
-0.147446
0.0443471
-0.134206
-0.245285
-0.0450789
-0.0951019
0.0965992
0.236564
-0.127829
0.104239
-0.0456726
0.0519094
-0.208832
-0.0457115
0.0653297
-0.108587
-0.00422986
-0.0579712
-0.355253
0.193553
0.162688
0.0732572
0.185941
0.11729
0.293952
0.0471664
-0.00701227
0.217277
-0.20571
-0.344871
-0.125141
0.162378
-0.0769692
-0.168402
-0.0364859
-0.086841
-0.0582354
0.0615808
0.0422912
0.0555049
-0.264187
-0.119293
0.166123
-0.0280137
0.122121
-0.137651
-0.476073
-0.321327
-0.318653
-0.230714
-0.0992043
-0.0351273
-0.301762
-0.188216
-0.162848
-0.057287
0.36237
0.33494
-0.0942834
-0.151301
-0.550973
0.07616
0.159971
0.0350951
0.157047
0.232294
-0.334213
-0.269077
-0.108199
0.497351
0.138173
0.0381194
-0.0835655
-0.0999539
0.290812
0.653167
-0.0395241
-0.52254
-0.810717
-0.296034
-0.197416
0.0609271
0.328551
-0.28375
0.0377267
-0.230152
-0.226884
0.12218
0.126696
0.115542
-0.00342866
-0.209921
0.423417
0.0484335
0.103546
-0.199149
-0.325242
0.00589466
0.0601673
0.240628
0.293835
-0.11718
-0.385963
-0.0135064
-0.362149
-0.189166
0.218649
0.710365
0.479013
-0.0444227
-0.465477
0.16633
-0.0125997
-0.131066
0.0752304
-0.292949
-0.0752364
-0.0192011
-0.048783
-0.0670679
-0.0839137
0.223452
0.0731611
-0.173662
-0.0315335
0.322675
0.0478206
-0.056974
-0.26254
0.0367924
-0.0628029
0.12569
0.193008
0.0858244
0.201419
0.523749
-0.0646668
-0.0499001
0.063075
-0.0637759
0.327468
0.2546
0.0436148
-0.0582276
-0.337132
-0.151184
-0.172487
0.125924
0.0252982
0.063336
0.140404
0.0750894
0.119142
-0.0467432
0.379138
0.190742
-0.0195036
-0.0267977
-0.0283771
-0.144846
-0.311457
-0.621848
-0.177401
0.195397
-0.27512
0.107608
-0.0170297
-0.163476
-0.167495
-0.126585
0.290293
0.406349
-0.062547
0.227463
0.342447
0.222661
-0.197527
0.0323742
-0.147696
0.330815
0.609885
0.0376608
-0.0308359
0.246213
0.220751
0
0
0
0.0867122
0.25307
0.0630208
-0.332212
-0.55477
-0.124821
-0.271221
0.0699136
0.389477
-0.233685
-0.186267
0.131624
0.0553696
-0.106453
-0.347219
0.0409361
0.060923
0.224397
0.014361
-0.0593271
-0.129856
-0.319776
-0.240469
0.241117
-0.102776
-0.287635
0.219578
0.0025708
-0.0615613
-0.0652175
0.0222423
-0.217062
-0.0447236
0.229844
-0.134348
0.38732
0.291971
-0.0208506
0.102307
-0.0546363
0.00579016
-0.0609295
-0.14938
-0.103009
0.203916
-0.207978
0.37386
0.187508
0.314157
0.0847135
0.273
-0.475899
-0.0856008
0.297755
0.246101
0.10586
-0.391631
-0.150216
-0.0285942
-0.158956
-0.377372
0.0517208
0.00279001
-0.509776
-0.282521
-0.313855
-0.5115
0.0167076
0.331934
0.215192
0.271988
-0.0681363
0.395249
0.0388865
0.281034
0.144035
-0.105299
-0.314557
-0.127926
-0.162081
0.168977
0.177303
0.00902563
-0.281913
-0.0857734
-0.11942
0.210901
0.031352
0.106253
-0.325435
-0.208309
0.0464877
0.0724551
0.0546541
-0.128079
-0.271345
0.0196613
-0.193452
-0.0568802
0.000729042
0.111528
-0.333018
-0.259492
-0.119755
0.0640451
0.134083
0.388959
0.149367
-0.226125
0.0806782
-0.00112428
-0.101051
0.293354
0.199989
-0.190158
0.263102
0.126795
0.0403707
-0.0228172
-0.0156816
-0.025636
-0.284021
0.228824
-0.0255268
-0.0743319
-0.0941809
-0.21359
-0.06147
-0.136912
0.0365816
-0.0427575
0.101445
-0.135188
-0.0131919
0.137407
-0.027645
-0.270546
-0.388072
-0.149705
-0.274178
-0.527405
-0.313479
0.0499455
0.292546
0.399453
0.166733
0.174845
-0.00788622
-0.264077
-0.0535179
-0.0842075
-0.260451
-0.528804
-0.484131
0.19983
0.323666
0.308048
-0.000901697
0.0119609
0.210857
0.262231
-0.260225
0.0305575
-0.497514
-0.235205
-0.0912685
-0.115624
-0.0281139
-0.264602
0.569584
-0.369161
-0.28134
0.173767
0.176997
0.0378863
0.0197813
0.00930548
0.0801712
0.0308602
-0.13011
0.000831972
-0.139038
-0.242867
0.258449
0.0809583
-0.155212
0.441307
0.443422
0.10095
-0.193681
0.141748
0.263109
0.0313512
-0.741727
-0.476625
0.227645
0.106745
-0.177264
0.0794178
0.146252
0.0437584
-0.379475
0.0239091
0.255165
-0.12929
-0.204537
0.162187
0.141606
-0.0928283
0.142543
-0.193395
0.0400702
0.0432145
0.0805501
-0.262776
-0.279379
0.0374377
0.175831
0.0742113
0.305147
0.476098
0.241871
0.0842746
0.264748
0.280712
-0.276626
-0.014932
0.0202556
-0.128118
0.0848346
0.134405
-0.0522862
-0.0809864
0.057499
-0.0636421
-0.123864
0.227609
0.0970154
-0.195471
0.186666
-0.0846704
-0.393639
-0.0378645
-0.166461
-0.155544
0.144834
0.187996
-0.220175
-0.0288617
-0.0208645
0.064098
-0.157997
0.207677
0.278486
-0.145781
0.00429706
0.00353313
-0.163519
-0.100548
0.237024
0.0968371
-0.0608523
-0.196378
0.249038
0.0975282
0.104385
0.151936
-0.618601
0.00453455
0.0254607
-0.54035
-0.286065
-0.00130325
0.188071
-0.0741269
-0.128641
0.403595
0.321111
0.370389
-0.351648
0.171562
0.312209
-0.0768289
-0.0928834
-0.145965
0.0534323
0.177422
-0.005826
-0.226734
-0.161557
-0.0120609
0.0172261
0.0970477
0.130529
0.240174
-0.290159
-0.193063
-0.189776
-0.276463
-0.183436
-0.112749
-0.0390959
-0.0299392
0.175458
0.0786174
0.208624
0.0825507
-0.317956
0.0522246
0.124362
0.148287
0.152421
0.684737
0
0
0
-0.0647824
-0.183298
-0.234327
0.22088
-0.358962
-0.233794
0.204033
0.153741
-0.287574
-0.197118
-0.121519
-0.132591
0.095344
-0.00899517
0.296958
0.133279
-0.151783
0.0337119
-0.207305
-0.198594
0.123008
-0.0804305
-0.145704
0.0733617
0.208059
0.220958
0.0416425
0.0679613
-0.277514
0.092559
-0.0820031
0.188308
0.164348
-0.244111
0.087952
-0.198032
0.169957
0.260437
0.134526
-0.11918
-0.103227
-0.055524
0.134165
0.314986
0.0305291
-0.0941242
0.301797
0.231672
0.139429
0.212302
0.106091
0.0249676
0.00399687
0.0577595
0.317921
0.221017
0.246502
-0.0530713
0.18691
-0.0431624
0.00105169
-0.0406409
-0.166481
0.179257
-0.115886
