-0.134626
0.0433044
-0.619031
-0.620401
0.210313
-0.240751
0.127016
0.0958042
0.156533
0.330068
0.194097
0.339947
-0.636097
-0.592915
0.158536
-0.218234
-0.176681
0.79713
0.270652
0.456643
0.298564
-0.201157
-0.0719434
-0.326029
0.350052
-0.121546
0.283533
0.0383946
-0.356171
0.271793
0.429744
0.564649
-0.298217
-0.0440538
-0.294006
1.02902
0.594318
0.22989
-0.21079
0.0162354
-0.264239
-0.393952
-0.00264261
0.0145987
0.124247
0.0119245
0.247336
0.211945
-0.0183877
0.0584549
0.776931
0.0543022
0.00912794
0.259249
0.362746
0.106919
-0.42722
-0.663489
0.0177966
-0.115444
-0.244143
-0.247696
-0.115276
0.167887
0.396981
0.544429
-0.351158
-0.270121
-0.0844061
-0.311573
0.208057
-0.165486
0.0690883
0.53097
0.525992
0.729215
-0.0161383
0.15782
0.10887
0.101668
0.598211
-0.350376
0.196231
-0.422909
0.168089
-0.274692
-0.211616
-0.0809839
0.138458
-0.0616145
-0.263539
-0.568592
-0.29623
0.55645
0.114617
-0.0503209
0.175308
-0.388985
0.0770012
0.280529
0.21987
0.270977
0.248628
0.0679483
0.396786
0.255973
-0.241641
-0.204443
-0.712732
-0.178821
-0.274039
-0.692858
-0.223869
-0.428661
0.00501493
0.432929
0.271578
0.115467
-0.185588
0.233583
0.160191
0.0774261
0.200384
0.0893237
-0.11521
-0.169243
-0.342378
0.26488
0.0186383
0.328547
0.268512
-0.127148
-0.162714
-0.193102
0.10075
0.0703564
0.320338
-0.288014
-0.00183407
0.570184
0.267521
-0.183806
-0.0818363
-0.436246
-0.379115
0.45927
0.214213
-0.408954
-0.10745
0
0
0.582255
0.205089
-0.2027
0.231055
0.0587141
0.113346
0.191651
0.44882
-0.185803
0
0
-0.23258
0.526668
-0.264904
0.172813
0.0830948
-0.478986
0.616412
0.32755
-0.0525719
0.226428
0.219883
0.506667
0.0997433
0.30077
-0.511064
-0.0142128
-0.488491
-0.127282
-0.295176
-0.0929528
-0.174347
-0.715439
-0.244329
0.707956
0.0305409
-0.080918
-0.250978
-0.198557
-0.100095
-0.338022
0.283547
-0.488228
-0.553133
-0.136844
-0.280122
-0.322364
-0.196699
0.321012
0.291308
0.640473
-0.00995021
-0.311886
-0.181213
0.0100777
-0.186211
0.58121
0.274181
-0.230826
0.319083
-0.199876
-0.157986
0.461909
-0.527691
0.104215
0.152559
-0.0523742
-0.0648742
0.0518669
0.0608424
-0.219144
0.0635529
0.113463
0.279467
-0.303222
-0.56416
1.15508
0.327093
0.148871
0.156951
-0.609525
-1.22642
-0.116176
0.413085
0.192523
0.0777521
0.0327477
-0.062752
0.4465
0.289233
-0.337116
0.823256
0.416266
-0.457654
0.0737255
0.432243
0.248999
-0.345639
-0.15634
0.0123124
0.20462
0.193652
0.814156
0.0493872
-0.0872837
0.546063
-0.0587397
0.175186
-0.0987747
0.0868924
-0.329417
0.191571
0.223245
0.0355485
0.00969742
-0.204994
-0.206957
-0.0615951
0.463891
0.259943
0.013547
0.0444622
0.616044
0.20376
0.410984
0.472564
-0.302029
-0.0917674
-0.0286295
0.0900286
-0.170174
-0.389414
-0.0105804
-0.0441585
-0.143753
0.418204
0.351534
0.528217
0.35043
0.3047
0.105847
0.0769476
0.0219825
0.610376
-0.227111
-0.645419
0.190957
-0.0186256
-0.465892
-0.232283
-0.188896
-0.235606
-0.193467
-0.0439969
-0.26819
-0.406856
-0.785086
-0.143915
0.343806
-0.00407819
-0.291615
0.388369
0.0786306
-0.500956
0.413517
0.0994668
-0.393852
0.170975
0.197938
0.653388
0.216714
0.00911426
-0.000412397
0.202189
0.156444
0.187101
0.0829222
0.120014
0.0662762
0.225753
-0.224412
0.222574
0.627178
0.31289
0.280954
-0.286467
-0.0291649
-0.0903673
0.109096
0.228218
0.430813
0.370532
0.361293
0.524111
-0.322287
-0.277109
-0.44374
0.406935
0.693763
0.338168
0
0
-0.599074
-0.267578
-0.171457
-0.21495
0.157709
-0.0669208
-0.277238
-0.216746
-0.126981
0.31224
-0.171408
0.239013
0.0796316
-0.737994
-0.652309
0.0126927
-0.136204
-0.0660678
0.00904565
0.190245
-0.0205449
-0.0332695
0.318159
0.248941
0.0282995
0.0287058
-0.428845
-0.0287583
-0.0542934
-0.241108
0.657662
0.380496
0
0
-0.184281
-0.0480505
0.602296
0.465022
0.271508
-0.194558
0.0434
-0.0917756
-0.303728
-0.409981
0.140936
-0.283049
0.271416
0.184442
-0.0267851
-0.0824823
0.0590805
-0.168433
0.312355
-0.163418
-0.338777
-0.268571
-0.123899
-0.36918
0.014112
-0.18878
-0.318639
-0.072894
0.509014
0.482955
-0.105182
-0.0934371
0.302988
0.217547
0.0101421
0.460751
0.0346243
0.119806
-0.209319
0.0873927
0.177746
0.00793581
0.156954
-0.00589779
0.0753979
0.112737
0.00405967
-0.197187
0.0889873
0.517311
0.279115
0.0380286
0.10218
0.364621
0.483407
0.247574
0.0255088
-0.070554
-0.187247
0.161713
-0.189274
0.325462
-0.133951
0.371385
0.589151
0.103183
-0.129643
0.55317
0.150916
0
0
0.62
-0.265484
-0.0505588
0.355174
0.430517
0.0385011
-0.136493
-0.260973
-0.0264726
-0.287885
0.341004
0.0875845
-0.346065
-0.145451
-0.0296673
0.0198442
0.34079
-0.00567205
0.189836
0.405092
-0.0949095
-0.294827
0.331324
0.366004
-0.576485
-0.325382
0.269449
0.268529
-0.194651
0.303368
0.0907333
-0.08955
-0.185778
-0.171738
-0.150396
-0.076268
-0.26045
-0.310877
-0.127297
0.228755
0.177555
-0.0721086
-0.456461
0
0
0.719364
0.353831
-0.0351773
-0.102755
0.123705
-0.504049
-0.400218
-0.191615
-0.330004
0.81887
0.675422
0
-0.21887
-0.168473
0.0426461
-0.663448
-0.314626
0.419896
0.57607
0.132771
0.128955
0.273483
-0.240625
-0.0364866
0.144031
0.157201
-0.256724
-0.0146891
0.0949393
0.144507
-0.427259
-0.176212
0.139108
-0.117772
-0.334817
0.161371
-0.258512
-0.235938
0.159007
-0.0783724
-0.0823571
-0.00328765
-0.663259
-0.206151
0.378251
0.232991
0.442011
0.155604
0.239805
0.0243548
0.245286
-0.139124
0.0446904
0.0144402
0.488094
-0.213638
0.364486
-0.275699
0.148326
-0.13006
-0.486524
0.00467706
-0.0722882
-0.0995591
0.548195
0.628179
-0.288005
-0.405309
-0.232557
0.455052
0.543683
-0.119058
-0.135458
-0.418113
-0.127524
0.0350114
0.480042
0.266233
0.163609
-0.152951
0.19595
0.280991
0.0328317
-0.230962
0.257502
0.310745
0.255177
0.150326
0
0
0.122936
