-0.193522
-0.307916
-0.0733837
0.00333827
-0.195748
-0.119431
-0.237718
-0.455427
-0.273735
0.0585621
-0.0985486
0.105003
0.0818815
-0.0396217
-0.187378
0.0370452
0.418617
0.269324
0.214189
-0.0869274
0.129366
0.107031
0.076751
0.332762
0.0154499
-0.252565
-0.263309
0.00393004
0.121867
0.177878
0.360172
0.0414166
-0.144562
-0.307973
0
0.13178
0.193699
-0.166391
-0.297658
-0.0648236
0.126839
-0.0162454
0.0255938
-0.101077
0.183265
-0.163623
-0.0248629
0.28451
-0.106436
-0.260599
-0.141042
0.162252
-0.286058
-0.323647
0.00271437
0.00284281
0.0244258
0.346374
0.16996
-0.400079
-0.334619
0.0707926
0.224482
-0.212819
-0.0365302
-0.247573
-0.224894
0.108957
-0.18204
-0.111642
-0.185088
-0.0828094
-0.261284
0.024738
-0.0487892
0.222654
0.352506
-0.357702
-0.178425
0.140724
0.351456
0.161788
-0.154071
-0.116987
-0.0505627
-0.184781
0.00884172
0.339826
-0.00885215
-0.226907
-0.184673
-0.212191
-0.0971102
0.0327124
-0.262693
0.0566111
-0.0889137
-0.0567505
0.0552058
0.12853
-0.0868726
-0.0349613
0.228022
0.319766
0.083394
0.0626308
0.338173
0.233895
0.101343
0.157231
-0.00961283
0.0634556
0.421746
0.0182999
-0.0170315
-0.167364
0.00329413
0.0106103
0.142638
-0.00958246
-0.0527877
-0.191449
-0.136787
-0.145645
-0.0958335
0.0730807
0.18972
0.0929084
0.147607
0.0799881
-0.149841
0.124764
-0.345618
-0.0130415
0.25464
0.184339
-0.653838
-0.452377
-0.279868
-0.207503
-0.410769
-0.123905
-0.128073
0.071321
0.02344
0.0724812
-0.142817
-0.106057
0.180327
0.0867365
0.278809
0.401443
0.32186
-0.311854
-0.360345
-0.391017
-0.351356
0.116798
-0.0842433
-0.278167
0.00358425
0.473295
0.368846
-0.0852904
0.138324
-0.0966459
-0.0100064
-0.305247
0.401583
0.147902
0.13882
-0.074553
-0.0463544
0.0647607
0.256662
-0.241877
-0.109136
0.0673934
0.0467279
0.0167065
-0.0552715
0.0762981
-0.0254144
-0.457542
-0.538944
-0.362475
0.138885
0.0859167
-0.0303611
-0.210333
-0.576641
0.0372235
0.296047
0.188453
0.200129
-0.00451543
-0.0226473
-0.0573966
0.228846
0.386569
-0.0651638
-0.111781
0.0938399
0.0197338
-0.0603942
-0.113836
-0.17385
-0.0557868
0.0127003
-0.132428
-0.569587
-0.0659921
0.24725
0.201095
0.221339
-0.0661993
0.305277
0.304188
0.0452922
-0.312993
-0.221814
0.139886
0.1814
0.418329
0.327674
-0.112949
-0.0568206
-0.222208
0.31892
0.446678
-0.172588
-0.31324
-0.372744
0.121682
-0.0811432
0.0861848
0.0871933
0.0202235
0.0380276
0.202006
0.145583
-0.0151757
0.227976
-0.0375347
0.0975516
0.0841607
-0.239258
-0.130772
0.0300866
0.255078
0.0426524
-0.0468043
0.179853
0.0566133
0.09897
-0.0837273
-0.0618973
-0.108076
0.079464
0.147198
0.12958
-0.0679193
-0.420165
-0.26903
0.0881875
-0.30963
-0.0573196
0.241437
0.152264
0.141919
-0.096296
-0.0591715
-0.120476
0.0246004
0.0693212
-0.0378048
-0.0380924
-0.0534578
0.0887211
0.147801
-0.317302
-0.480342
-0.139127
0.286194
0.29456
0.217361
0.0615448
-0.20848
0.0132376
0.130741
0.396592
0.259898
-0.044354
-0.0681592
0.00486604
0.147704
-0.0526142
-0.0738911
-0.184788
-0.407023
-0.341611
-0.131638
-0.251999
-0.0389569
0.0982232
-0.115322
-0.427289
-0.278692
0.19847
0.353979
0.459584
0.292826
-0.0652169
-0.353696
-0.456337
-0.00865573
0.179315
-0.35377
-0.00474792
-0.333568
-0.232236
0.206346
-0.0115326
0.218031
0.181515
-0.133166
0.152387
0.0747396
0.175384
-0.0774625
-0.025125
0.136017
0.320464
0.328364
0.125828
-0.136765
0.153391
0.355887
0.498425
0.171962
-0.206069
0.00854889
0.326975
0.486006
-0.0146297
-0.60169
-0.0741121
-0.0114612
0.292028
-0.431933
-0.20292
0.0492939
-0.0646377
0.0395733
0.435349
0.366259
0.129328
-0.0409539
-0.076203
-0.167969
0.012893
0.103215
0.436817
-0.142284
0.108402
0.0506724
0.079626
-0.182709
-0.489594
-0.23305
0.245773
-0.0221664
-0.327455
-0.206296
-0.0308756
-0.665835
0.0086585
-0.0964126
-0.428136
-0.128225
0.0807964
0.276782
0.13412
0.2077
0.00125011
0.0667346
0.479437
0.199503
0.0821372
0.146048
0.012033
-0.181023
-0.255998
0.189682
-0.0491406
-0.295784
-0.267224
-0.447342
0.200271
0.120485
0.087696
-0.176114
0.234672
0.248762
0.260846
0.415544
0.0999132
0.100478
0.142691
-0.23548
-0.288701
-0.127396
-0.138372
-0.160374
-0.0361766
-0.304129
-0.12078
0.0867755
0.117459
-0.223344
0.0392864
0.115847
-0.0245833
0.0596639
0.246834
0.195485
0.134286
0.341766
-0.0311629
-0.189077
-0.257022
0.286188
0.450128
0.378113
0.266457
0.189271
-0.133319
-0.145241
-0.0295487
-0.270879
-0.132831
-0.240991
-0.404386
-0.155657
-0.208978
0.289789
0.270782
-0.0904368
-0.0404938
-0.215509
0.013418
0.247895
0.246756
0.341828
0.215743
0.226436
0.349653
-0.0348408
-0.143283
0.0502492
0.373923
0.470488
0.393951
0.150888
-0.202975
-0.117771
0.173974
0.0163089
-0.104611
0.194123
0.162431
0.34418
0.195269
-0.116425
0.213152
-0.0571169
-0.103458
0.0112086
-0.132792
-0.348484
-0.448918
-0.216964
-0.136257
-0.105688
-0.246693
-0.194609
-0.170211
0.0199599
0.169133
-0.152953
0.243196
0.103773
0.219102
0.366848
-0.124487
0.0640884
0.419509
0.34787
0.354665
0.405128
0.318035
0.139622
0.178563
0.24622
0.198766
0.0313697
-0.0330948
-0.299437
-0.273263
-0.0895503
-0.287456
-0.387741
-0.200749
0.184736
0.0313629
-0.0157618
-0.298445
-0.223094
-0.371762
-0.171213
-0.0178465
0.0776988
0.206475
0.223
-0.0241084
0.259541
-0.0905185
-0.446429
-0.196018
-0.125161
-0.127963
-0.028932
0.26972
0.32176
-0.260844
-0.101776
0.206027
0.401448
0.420013
-0.366947
-0.315351
0.0866954
0.337885
0.442417
0.32578
-0.17621
-0.224384
-0.156569
0.294598
0.204583
-0.336077
-0.274896
-0.200611
-0.171308
-0.18063
-0.395602
-0.241273
0.121444
0.169365
-0.123876
0.0168758
0.296274
0.690558
0.721237
0.313846
-0.219273
-0.349857
-0.168893
-0.127653
-0.496509
-0.260051
-0.190518
0.0870176
-0.201354
-0.158624
0.0469712
0.0883258
0.158309
0.290874
0.281174
-0.115728
-0.175194
-0.077577
-0.162647
-0.673629
0.0698597
-0.279325
-0.0300903
-0.179512
-0.178258
-0.114986
0.321232
0.539566
-0.18882
