0.259632
0.0593079
0.0756725
-0.380342
0.253997
-0.0271576
-0.198655
-0.234451
0.207362
0.127142
-0.067005
-0.126723
-0.211343
-0.284426
-0.38279
0.0659374
-0.325573
0.264187
0.314242
-0.298923
-0.490799
-0.404175
-0.105719
0.644529
0.539035
-0.268995
-0.131724
-0.100456
0.163169
-0.122557
0.030006
0.219902
0.440245
0.540121
-0.0923311
0.0871831
0.274326
0.111676
-0.343142
0.190914
0.421084
0.499607
-0.0311088
-0.389505
0.0329455
0.0883734
0.209913
-0.108467
-0.418547
0.24278
-0.428519
-0.401966
-0.214769
-0.443663
0.0393993
0.561797
0.450804
0.482939
0.00624113
0.263637
0.455535
0.198689
-0.302882
-0.331367
-0.0338143
-0.0336839
-0.202695
-0.0391526
-0.206783
0.00518729
0.398987
-0.0414691
0.328004
0.479995
0.268282
0.0990509
-0.178074
0.00534245
0.00251885
0.0613805
-0.266954
-0.112934
-0.29607
-0.572754
0.0175588
-0.0783599
0.265739
-0.197321
-0.352681
-0.00670496
-0.262834
-0.544182
0.0820296
-0.162104
-0.22619
-0.0990799
0.603454
-0.159478
-0.57066
0.0637142
0
-0.0164777
-0.236952
-0.163121
-0.103614
0.099248
0.302878
-0.0804204
-0.135644
0
0
0.355685
-0.407245
-0.255392
-0.133494
0.279594
0.0283916
-0.0865172
0.394205
0.50717
0.259859
-0.244762
-0.200534
0.350748
0.252545
-0.25551
-0.00198595
0.02771
0.180767
-0.0884751
-0.914392
-0.69267
-0.38653
-0.512996
0
0.282077
0.0953289
0.10949
-0.0701619
-0.336162
0.392654
0.295724
0.311119
0.0562055
-0.0694429
-0.120748
-0.0334489
-0.0771722
0.125017
-0.0421317
-0.189125
-0.166394
-0.107273
0.0120905
-0.195957
0.136974
0.136548
0.749058
0.690532
0
0
0
0
0
0.195777
0.57485
-0.0752371
-0.178815
0.383597
0.298954
0.470925
0.187187
0.324955
0.076582
0.0955249
0.0858419
0.25969
-0.22255
-0.199146
-0.0846441
-0.0302902
-0.37795
-0.710947
-0.132851
-0.33762
-0.0325902
0.56106
0.163741
-0.204519
-0.340859
-0.126548
0.479135
0.423786
-0.490356
0.284407
0.27296
-0.211183
0.134234
-0.0145864
0.047434
-0.0566412
0.311854
0.303206
-0.019522
-0.257202
0.021438
-0.0100693
0.0541157
0.397498
0.144955
0.0163671
0.156401
0.106416
-0.281802
-0.303471
0.176361
0.42511
0.153175
-0.273453
0.0938594
0.0326089
-0.128017
-0.327035
0.149717
-0.158957
0.256657
0.764174
0.457519
-0.155114
-0.00371991
-0.249386
0.151544
0.0769089
-0.229034
0.102176
0.111148
-0.352176
-0.412816
-0.0382395
-0.0361937
-0.697202
-0.623081
0.182089
-0.260802
0.0234005
-0.0969872
-0.0149474
0.426998
-0.0562946
-0.126247
0.331563
0.727457
-0.384112
0.134755
-0.322701
0.144998
0.157031
0.187103
-0.138687
0
0
0
-0.268461
-0.110653
-0.00420973
-0.0828807
-0.398321
-0.331823
0.0660367
-0.301872
0.159589
-0.173442
0.127316
-0.116844
-0.19403
-0.330334
-0.146216
0.064629
-0.148317
-0.0321533
-0.115132
0.168531
0.127828
0.177621
-0.0180631
-0.0565076
0.331994
0.12592
-0.152959
-0.0866369
-0.224409
0.00403479
0.230373
0.196551
-0.0583863
-0.370594
-0.018565
0.184628
0.171373
0.0601582
0.204686
0.313692
0.17999
0.0937755
-0.16213
-0.30369
-0.626574
0.10737
-0.237401
-0.0432984
-0.120644
-0.392112
-0.0352353
-0.320085
-0.266954
-0.142068
-0.0525047
-0.282095
-0.214373
-0.0276717
0.128216
0.591287
0.714491
0.0303124
0.0965798
0.261716
0.0191287
0.453457
0.34866
-0.327557
-0.425546
-0.426772
0.175331
0.18815
0.208387
-0.0604352
-0.122283
0.0382315
-0.521144
0.150409
-0.0216039
-0.304496
-0.0728858
0
0
0.950117
0.337419
0.171572
-0.0487651
0.238797
-0.0319904
-0.368159
-0.0421393
0.176611
-0.202536
-0.418618
0.0933471
0.351543
-0.0322048
-0.031084
-0.443418
0.270204
0.277572
0.146414
-0.0814276
-0.0725482
-0.384281
-0.494559
0.347567
0.430999
0.466178
0.154443
0.268361
0.165406
0.331748
0.0715619
0.0355467
-0.458044
-0.332279
-0.155987
0.301632
-0.00028159
0.148719
-0.039301
0.11395
0.116973
-0.118138
0.090867
-0.059366
0.0538959
0.178426
0.199895
0.588142
0.578714
0.246154
-0.200747
-0.299804
0.0415094
-0.000423406
0.0135103
0
0
0
-0.149109
0.0662266
-0.0979654
-0.122953
0.143639
-0.01924
-0.4173
-0.189818
-0.309654
0.212402
-0.0317314
-0.141068
0.0487809
-0.493593
0.539722
0.21012
0.141504
0.389971
0.100104
-0.421343
-0.106067
0.0315203
-0.0872246
-0.333169
-0.175596
0.496348
0.2443
0.0219497
0.249452
-0.12039
-0.241396
0.270207
-0.443844
0.014421
-0.045464
-0.275279
-0.473642
-0.142007
0.354252
0.394824
0.596351
0.224259
-0.0468372
-0.341035
0.105711
-0.137603
-0.434553
-0.0368727
-0.12006
0.0355797
-0.107086
-0.247524
0.476569
0.36886
0.265021
0.0489331
-0.360586
-0.326818
-0.0740589
0.0275783
0.342312
0.514486
0.334611
0.0327679
-0.144235
-0.0748086
0.258361
-0.0984035
0.0737899
-0.23749
-0.343425
0.517282
0.0826894
0.000378616
0.0504856
-0.124088
-0.0867873
0.112175
0.627588
-0.035125
-0.279313
-0.00386199
0.131643
-0.0424965
0.183385
-0.0920807
-0.0947815
-0.0696239
-0.596678
-0.366734
0.0421176
0.339454
0.356336
0.206402
-0.212994
-0.55798
-0.277726
0.266113
-0.0741457
0.322554
0.137193
0.30061
0.186292
-0.0565106
0.250267
0.646274
0.512406
0.633629
0.112786
0.253142
0.362371
0.0394066
0.0300305
-0.198189
0.237539
-0.370144
0.0533565
0.432075
0
0.14249
-0.392169
0
0
0.207104
0.0218771
-0.177447
-0.18106
0.108154
0.454192
0.186911
0.238224
0.390929
0.127439
-0.126437
0.150188
0.282955
0.102585
0.190678
0.271731
0.0451036
-0.404055
-0.35752
-0.471531
-0.5244
-0.336345
-0.152116
0.251624
-0.163071
-0.124453
0.125035
-0.069332
0.103704
0.118714
0.388442
-0.076556
-0.427374
0.0670544
0.14817
0.268614
0.257003
0.13377
0.248809
-0.122967
0.366476
0.244498
0.218436
-0.088746
-0.0894248
-0.245892
-0.0358416
0.0791075
-0.147618
-0.16172
-0.299561
-0.203398
-0.252536
0.0999451
-0.223256
0.36074
0.2277
-0.137319
0.00766311
-0.0742186
0.442011
0.4197
0.48286
-0.126385
0.495807
0.493136
0.21806
-0.166965
