-0.281497
0.239899
-0.2454
-0.260584
0.0857083
-0.136716
-0.0422025
0.217223
0.40493
-0.0134025
-0.138842
0.0404967
0.0581086
0.207936
-0.0469994
-0.0562157
0.469157
0.156889
-0.189787
-0.217683
-0.26659
0.440328
0.118748
0
0
-0.0235964
-0.0312161
-0.00425106
-0.110084
-0.0775552
0.0540097
0.56959
-0.058461
0.000360518
-0.0779104
0.221065
0.745108
0.566966
-0.537459
-0.382542
0.221995
-0.0167862
0.272641
-0.188142
-0.215254
-0.345717
-0.147608
-0.185338
0.539678
0.65504
0.467455
0.471648
-0.000604244
0.85054
-0.00375314
-0.114055
0.619691
0.214284
-0.141706
-0.215461
0.0422059
-0.0622274
-0.171404
0.0658874
-0.289922
0.159569
-0.203748
-0.610452
-0.339031
-0.507918
-0.176844
-0.0831951
-0.413084
-0.252809
0.445178
0.206376
0.00749415
0.0703006
-0.0194825
-0.127379
0.243218
-0.191919
0.258066
-0.281722
-0.153844
0.206568
0.0754597
0.115259
0.0601053
-0.135815
-0.527028
0.157234
0.239336
0.381742
-0.41593
-0.422194
-0.0629327
0.446428
-0.265802
-0.205882
0.0524987
-0.0404351
-0.37473
0.1879
0.297637
0.0104252
0.326918
0.561552
-0.491246
-0.337693
-0.37111
-0.351093
0.800375
0.659768
0.0665592
-0.254675
-0.264336
-0.0592613
0.260983
0.0104007
0.476884
0.182272
0.117775
0.00331285
-0.209989
-0.109595
-0.353706
-0.097607
0.154448
0
-0.437002
-0.000822689
0.118041
0.249898
0.014322
-0.242935
-0.388921
0.260687
0.00239486
0.0691654
0.213539
-0.117102
0.243068
0.160049
0.0218205
-0.214493
-0.0820918
-0.144673
-0.17626
-0.103174
-0.221937
-0.0123944
-0.38872
-0.10769
0.459956
0.00524466
-0.598411
-0.232651
-0.239281
0.159339
-0.00573787
0.264988
0.0505339
0.138832
-0.119944
-0.220871
-0.455355
-0.0793111
-0.0540432
0.294752
0.294655
-0.0128197
0.0350957
-0.37168
-0.106176
-0.108949
-0.0453311
-0.148146
0.0881726
-0.0970779
0.00275847
0.0514041
-0.0659018
0.125372
-0.134243
0.199947
-0.350008
0.166239
0.138615
-0.133371
0.139546
0.111501
-0.454303
0.0177911
0.14246
-0.0753864
0.175594
-0.422511
0.150843
0.295592
0.0311439
0.086758
-0.252618
0.244486
0.124641
-0.0384751
0.535113
0.13421
-0.152188
-0.103558
0.070429
-0.517811
-0.141002
-0.17353
-0.235622
0.188835
0.283635
-0.189031
0.0947377
0.430457
-0.4065
-0.0463207
-0.200377
-0.0244549
-0.204059
-0.0187218
0.340388
0.310803
-0.446335
-0.354891
0.127693
-0.382397
0.312163
-0.015861
-0.276771
0.0365483
-0.144354
-0.0510269
-0.338704
-0.281283
-0.174648
0.194168
0.150637
0.25416
-0.139314
0.000985058
-0.453154
-0.26578
-0.0451895
0.489609
0.210394
0.00489939
-0.186869
-0.173356
0.0783951
-0.112935
0.305686
0.257134
-0.388888
0.132749
0.564213
0.479028
0.236107
-0.0249497
-0.0158748
0.0472222
0.0908319
-0.397173
-0.146987
0.105042
-0.00728174
0.288007
0.0408787
-0.0142486
0.116345
0.198628
0.210382
-0.00478986
0.201506
-0.302463
-0.27041
-0.184275
-0.221951
-0.232413
0.168622
0.0414297
-0.0216418
-0.220122
-0.0572016
-0.643762
-0.16144
0.100949
0.0619692
-0.172099
0.322831
0.0229897
-0.213266
0.0162235
-0.916277
-0.633883
-0.0993087
-0.165622
0.251117
0.0889705
0.0816926
-0.0225184
-0.150491
0.313493
0.275866
0.645089
0.26656
0.35753
0.241905
-0.451908
-0.442988
0.0160644
-0.0580939
-0.0604002
-0.0670946
-0.0385185
0.15461
-0.108679
-0.265724
-0.0807361
-0.256846
0.0346529
0.226104
0.071738
0.119349
0.0232792
0.435717
0.200325
-0.0379221
0.0222002
-0.176499
0.0814782
-0.267418
-0.0262484
-0.428482
-0.3175
0.303585
-0.222511
-0.261858
-0.0948682
0.0531683
0.442606
0.000581126
0.183702
-0.030423
-0.133494
0.0924395
0.208485
0.11443
0.145683
0.111088
-0.189734
-0.109078
0.0191513
-0.102033
-0.107325
0.157573
-0.161928
0.0678921
-0.0213463
-0.32341
-0.135641
0.613747
0.0499669
0.0506609
-0.0411047
-0.46912
-0.121013
0.00176432
-0.11247
0.455732
-0.118267
-0.262089
0.0670505
-0.17937
0.219867
0.153147
0.289093
-0.113903
-0.0974573
0.167339
-0.407864
-0.219523
-0.559308
-0.130398
-0.159323
0.156353
0.28694
-0.160063
-0.504291
-0.215413
0.448861
-0.055239
0.264682
-0.19582
-0.0430089
-0.0417725
-0.0806312
0.109774
-0.118218
0.137176
0.14174
0.163834
0.234059
-0.375403
0.264318
0.117016
0.0183121
-0.359397
0.0599294
0.47762
0.0214796
-0.0704512
0.210265
-0.0340971
0.593667
-0.41815
0.136416
-0.184922
-0.304824
-0.300118
0.224594
0.600038
0.397014
0.0524323
-0.0529054
0.174882
-0.081535
0.264623
0.228554
-0.257515
-0.243641
-0.142633
-0.014608
-0.280568
0.145335
-0.198615
-0.0218051
0.427903
0.194341
0.149456
-0.0692934
-0.139184
0.255501
0.04129
-0.153904
-0.0922962
-0.153472
0.0248395
0.31603
0.184747
0.176528
0.0409288
0.167061
0.466821
0.377681
-0.0859307
-0.0736331
-0.563032
-0.0818486
-0.280354
0.133719
-0.0758109
0.000817855
-0.194416
0.187316
0.366797
-0.223001
-0.51289
-0.312709
0.334729
0.492637
0.435132
-0.262701
-0.0484635
0.66209
0.255399
0.131615
-0.0690395
0.0904298
-0.00507019
-0.321731
0.152648
0.347044
-0.428834
-0.00414478
0.333534
0.0446858
-0.137223
-0.170911
-0.0781897
0.786515
0.355989
-0.231294
-0.458744
-0.321571
-0.106916
-0.139576
0.0836191
0.122177
-0.0355194
-0.0496722
-0.0388038
-0.072764
0.0977139
0.47485
0.00108424
0.0215348
-0.0443213
-0.379298
0.0767753
-0.0377979
0.157213
0.148089
-0.166864
0.0210717
-0.168105
-0.165345
-0.346727
0.0330084
-0.147663
-0.71961
0.0764307
0.371258
0.100121
0.365933
-0.0855315
0.318436
0.209129
0.363522
-0.362944
-0.327217
-0.0510719
0.234627
-0.00199982
0.282348
-0.194595
0.22957
0.602424
0.547314
0.302339
0.143851
-0.420267
-0.188631
-0.273039
0.404203
0.181596
0.156639
0.0864608
0.123123
0.0296398
-0.385327
0.633349
-0.026853
0.12226
0.12209
-0.154519
-0.033126
-0.191248
-0.214155
0.0659061
0.120726
-0.0905521
-0.183013
-0.0661493
0.10861
0.331329
-0.178286
0.127911
0.061995
-0.209743
0.0822329
0.021014
-0.31714
0.288973
0.241051
-0.0206467
-0.266987
0.0700773
0.286939
0.327669
-0.13575
0.13678
0.564808
0.328549
-0.396644
-0.0622155
-0.272038
0.0859325
-0.112763
