0.0868262
-0.0432097
-0.121316
0.132655
0.0367636
-0.22178
-0.134048
0.0360398
0.403156
0.385498
0.191335
0.314493
0.245905
-0.0234151
-0.126933
-0.0671304
-0.0933055
0.0851905
0.204235
-0.413523
-0.104582
-0.0953435
0.0160616
0.271381
0.125204
0.261471
0.222611
0.386826
0.156811
0.253471
0.113578
-0.0148839
0
0
0
0.269994
0.0886816
-0.373277
-0.246612
-0.0262375
0.502078
0.64097
0.15192
0.306328
-0.00201402
0.263513
0.167832
0.0958643
0.100704
0.0876877
-0.057726
-0.445736
0
0
-0.370532
0.377869
0.243026
-0.060907
-0.151556
0.0996136
0.536897
0.0675287
-0.0345278
-0.10309
-0.0604624
-0.111765
0
0
-0.484039
-0.553699
-0.176192
-0.0659104
0.0134628
0.169636
-0.0711714
0.217339
0.457002
0.625437
-0.174814
0.0292957
0.289921
0
0
0
-0.340288
-0.34425
-0.109755
0.260841
-0.149956
0.2268
0.0785805
-0.238706
0.0344077
0.121208
0.14409
0.0363985
-0.00951183
-0.153785
-0.127111
-0.114039
0.301512
-0.0119363
-0.127727
0.0985503
-0.076609
0.0171158
0.0234613
-0.101747
-0.0586945
-0.0324359
0.154415
0
0
0
0
0.224213
0.0286145
-0.0921994
-0.114561
-0.168153
0.0579955
-0.150144
0.0338803
-0.0323252
0.166681
0.253612
-0.119698
0.038917
0.227598
0.0590819
-0.173785
-0.0360292
0.0991565
-0.586782
0.322547
0.433025
0.433702
0.278966
0.218677
0.191463
-0.132938
-0.139034
-0.023174
0.115169
-0.216532
0.0837142
0.274191
0.186583
-0.162333
-0.0215846
-0.147546
0
0
0.866544
0.00638347
-0.240401
0.00233306
0.304618
-0.0166866
-0.234032
0.60456
-0.16068
-0.6586
-0.043364
-0.14688
-0.536636
-0.134178
-0.265299
0.00639471
0.101904
0.0907147
-0.217805
0.225424
-0.0856194
0.0571771
0.179446
0.0868101
0.0842481
-0.0165693
-0.0614044
0.758613
0.266456
-0.244005
0
0
0
-0.0969534
0.18333
0.118935
-0.0161375
0.19357
-0.0530744
-0.059798
-0.136803
0.24311
0
0
0
0.296371
0
0
-0.473829
-0.282855
-0.296417
-0.253743
0.0752453
0.0119933
0.0568746
0
0
0.0220077
-0.396407
-0.107676
-0.0511455
0.293628
0.427508
0.219508
0.24424
-0.011468
0.487095
-0.0977712
-0.0605495
-0.167804
0.110049
-0.0147327
0.0920026
-0.0222487
0.00960453
-0.0496813
-0.127517
0.302366
0.408875
0
0
0
0
-0.0125686
0.345
0.163753
0.0650316
-0.0635218
-0.161677
-0.0408555
-0.202452
-0.149125
0.181825
-0.0463364
-0.193197
-0.0176351
0.113345
0.298143
0
0.0811518
0.424002
0.16063
-0.11104
0.0265444
-0.0608104
0.386542
0.406915
0.160001
0.268291
0.400641
0.314906
-0.0785749
-0.137035
-0.177127
0.0510674
0.176162
0.204386
0.0507167
-0.250003
-0.305819
-0.0303322
-0.127266
-0.523439
-0.447373
-0.062583
0.222927
0.320174
0.122151
0.012661
-0.189936
0.101162
0.205082
0.190971
-0.0845109
0.195155
-0.00189621
0.0702641
0.196752
0.235143
0.181953
-0.0678048
-0.159912
-0.103978
0.305486
0.414299
0.296511
0.12301
0.0462468
0.13557
-0.179747
-0.109954
-0.179621
-0.0202794
-0.181069
-0.268908
-0.55552
-0.302692
0
-0.205941
-0.109399
-0.0509739
0.0622412
-0.11889
-0.0418713
-0.0386785
0.0542457
-0.0235041
0.00451696
0.0121669
-0.127656
-0.0170328
-0.212201
-0.0711653
-0.0854119
-0.00726819
-0.213333
-0.292734
-0.0856562
-0.176034
0.501107
0.381969
0.220018
0.105299
0.069342
-0.0711132
-0.248339
-0.0274747
0.24876
0.383737
0.199208
-0.0394469
0.206879
-0.0761784
0.621289
0.503063
-0.217889
-0.0997102
0.0990481
0.0844689
0.0277535
0.169136
0.47783
0.106238
-0.357768
-0.111378
0.151109
0.0676526
0
0
0
0
0
0
0
0.412632
0
0
0
0
0
0
0
-0.0147086
0.126971
0.394221
0.233003
-0.278829
-0.262498
0.161449
0.292634
0.0802066
-0.114695
-0.0611667
-0.0144343
0
0
0
-0.0337751
0.169919
0.0457131
0.121817
-0.194212
0
0
-0.0915411
-0.103851
-0.0322488
-0.237851
-0.248403
0.00768311
-0.0521077
0
0
0
0
0.234364
-0.0735417
-0.0886828
0.238274
0.347001
0.309982
0.109149
0.229963
0
0.118201
0.253627
0.155462
-0.2758
-0.075693
0.18005
-0.0691324
-0.606648
-0.376617
-0.205586
-0.2712
-0.105383
0.342672
0.23209
0.157378
0.0147209
-0.347302
-0.102474
-0.294596
0.0981064
-0.00377328
-0.457764
-0.0102012
-0.0350307
0.168523
0.933997
-0.142316
0.0860059
0.298867
-0.356472
0.128349
-0.0262128
-0.115185
-0.116582
-0.169131
-0.160215
0.132866
0.166661
-0.0319857
0.158703
0.42782
0.137669
0
0
0
0
0
0
0
0
0
0
0
-0.0716341
-0.193252
0.176341
-0.208949
0.174607
-0.10977
-0.224825
-0.41698
-0.0736788
0.0541554
0.135968
0.136558
0.462288
-0.165017
0.259294
0.0887132
0.0610249
0.197694
-0.0124719
-0.117811
-0.0378255
-0.0918841
-0.219052
-0.007782
-0.053665
0.0283648
0.0334348
0.292817
-0.0229684
0.244855
0.0826437
-0.118835
-0.0495267
0.370815
0.123032
-0.422299
0.232024
-0.0938806
-0.153466
0.0136537
0.194704
0.445917
-0.104875
0.196375
0.34493
-0.0936348
0
0
-0.0772816
-0.153331
0.126928
-0.0923522
-0.500931
0.0796192
0.236149
-0.0256594
-0.066156
0.238536
0.0664838
0.406724
-0.060563
-0.181295
0.219991
-0.586428
-0.0330309
0.210426
0.21184
-0.0730711
0.0383202
0.167576
0.0355442
-0.00977486
-0.190646
-0.253292
1.05791
0
0
0
0
0.135679
0.482925
0.301052
0.105962
-0.00768886
0.055943
-0.045327
0.0975988
-0.289678
0.0491855
0.160991
0.138776
-0.152651
0.512107
0.0569262
-0.186765
-0.107552
-0.43524
0.0549494
-0.110434
-0.351297
-0.0681294
-0.0594113
0.161282
0
0
0
0
-0.0820319
0.125626
-0.0405009
0.00178496
0.28758
-0.0107474
0.136045
-0.146055
-0.100513
0.286275
0.467656
0.0190849
-0.201216
0
0
-0.135973
0
