-0.718908
0
0
0.850005
0.334391
-0.470856
0.311781
0.902301
-0.0034266
-0.0336685
0.0828556
0.486246
0.159493
-0.064663
0.00317343
0.150566
0.143504
0.303977
0
-0.0745672
-0.063719
-0.255227
0.157504
0.158758
-0.153826
0.200931
-0.420359
-0.038652
0.349658
-0.502188
-0.52452
0.218545
0.577937
0.363704
-0.295429
0.173189
-0.0274146
0.0370665
-0.106191
0.347043
-0.0670228
-0.288023
-0.291697
-0.171092
-0.100779
-0.0334354
0.0214607
-0.0590635
-0.123252
-0.288219
0.27573
-0.317831
0.70036
0.579865
-0.0427002
-0.787038
0.469499
0
0
-0.539226
-0.38733
-0.123584
-0.761864
-0.470125
-0.363558
-0.0103075
0.99532
0.204049
0.698546
-0.226696
0.351967
0.0326985
-0.29935
1.50365e-05
0.263713
0.687587
0.764455
-0.0517871
0.0967334
0
0
0
0
-0.566832
0.353518
0.138818
-0.209564
0.38213
-0.125534
-0.117938
0.21007
0.0259937
-0.437
-0.118056
-0.38132
-0.0154029
-0.41549
-0.219286
0.25825
0.0692401
-0.305735
0.20446
-0.624256
-0.177548
-0.0912701
0.0172943
-0.0472504
0.08787
-0.587422
-0.346214
-0.32301
0.24188
0.309676
0.69785
0.293957
-0.737824
-0.483975
0.444818
-0.313337
0.376725
0.266544
-0.231071
0.434469
0.78861
0.120983
0.055461
0.132046
0.131384
0.334734
0.285459
-0.251077
-0.209159
-0.108978
0.664927
0.403284
0.204521
0.542129
0.448207
0.281727
0.367953
0.693189
0.123826
0.0533091
0.181128
0.268013
-0.429448
-0.243619
0.0662986
0.0634423
0.245609
0.442107
-0.311189
0.103003
0.0145585
0.472499
0.134613
-0.129895
-0.394998
-0.211108
0.549541
-0.0340583
-0.269689
0.272113
0.196189
-0.373981
0.0710834
-0.512716
-0.327592
-0.0657624
0.363678
1.03651
0.3374
-0.823866
0.236862
-0.152726
0.0241293
0.234513
0.715109
0.56746
-0.0923613
0.439938
0.573377
0.168005
-0.0154067
-0.337491
0.152898
0.275707
-0.0945608
0.347246
-0.0673439
0.178192
0.63489
-0.221695
-0.897787
-0.277784
-0.962269
-0.423145
-0.523616
0.796282
-0.122523
-0.374494
0.304038
-0.166645
0.173868
-0.0051861
-0.144923
-0.168512
0.0376634
-0.508024
-0.0713641
0.279911
-0.511896
0.125636
0.56086
0.208118
0.105595
-0.569959
-0.214863
-0.273039
0.0278471
0.318549
0.602932
0.165191
0.0445233
-0.514939
-0.191992
0.108084
0.122504
-0.025953
-0.299569
0.0765184
-0.072979
0
0
-0.267101
-0.288018
0.411692
0.273382
0.330376
0.502754
-0.34215
-0.392274
-0.450967
-0.0353291
0.0298217
0.71831
-0.0471887
0.0194344
-0.10252
-0.133719
0.212664
-0.450745
0.078875
-0.475162
0.199174
-0.158064
0.135945
-0.182316
-0.390954
-0.0581159
0.0156387
-0.382992
-0.144943
0.0631308
-0.363846
-0.298343
-0.543427
-0.768591
0.431102
0.575473
-0.411135
-1.07049
0.0746279
0.436126
0.62365
0.0941131
-0.0532906
0.0288402
-0.217519
0.251599
0.233111
0.362579
0.379188
0.146088
-0.303915
0.223502
0.140427
-0.0567722
-0.0971895
0.0542584
-0.855575
0
0
0.721531
0.0873126
0.194211
0.130901
0.102247
-0.192901
0.0956649
0.205074
-0.506454
0.0690051
-0.604177
0.0606289
0.0119875
0.160543
0.281647
0.316312
-0.847164
-0.273751
0.902188
0.0596912
0.289731
0.200648
0.0612082
0.264974
0.352814
0.764855
0.867055
0.138778
-0.597081
-0.393299
-0.111415
-0.0288632
0.0553599
-0.246739
-0.274454
0.509987
-0.306589
0.579504
-0.511559
0.31883
0.430559
0.315132
0.155519
-0.81303
-0.104823
-0.768603
-0.372
-0.0176458
0.0923017
-0.0535612
-0.17432
-0.104975
-0.12817
-0.0728556
-0.084955
0.239258
-0.188712
-0.475326
0
0
1.10389
-0.0155036
0.488056
0.268458
-0.265823
-0.0266475
-0.261489
-0.286549
-0.535976
0.0992698
0.0915546
-0.375008
0.234689
0.418313
0.412202
0.249658
0.143604
-0.314128
0.0797342
-0.283057
0.765135
0.767163
0.442275
-0.259333
-0.281471
-0.410583
-0.440841
-0.640505
-0.405008
0.171938
0.562384
0.289509
-0.00221473
-0.510724
0.450968
0.269717
0.0207032
-0.318406
-0.698265
-0.282007
0.17819
-0.493334
-0.474872
-0.190849
-0.14241
0.319796
-0.209093
0.132647
-0.634054
0.256468
0.228841
0.488092
0.371648
-0.348348
0.451398
-0.373729
-0.347486
-0.294079
0.051324
0.305625
0.772235
0.457668
0.0480845
0.183572
0.212529
0.531576
-0.227227
-0.0979494
-0.444871
-0.204332
0.15371
0.0504289
0.0135355
-0.118644
1.06687
0.704074
0.204262
0.228824
0.0231021
-0.549729
-0.411954
0.0976506
-0.443729
-0.080588
-0.353312
0.0705688
0.129198
0.297893
0.105316
0.0421777
-0.386921
-0.318804
-0.230382
0.443573
-0.263974
0.261331
-0.156966
-0.0358392
0.0342057
-0.13219
0.268496
-0.116577
-0.262798
0.0881929
-0.0994698
0.186858
0.442492
-0.317016
-0.173633
0.228549
0.035227
0.069844
-0.351778
-0.15173
0.137369
-0.104562
-0.176579
-0.0789977
0.170124
-0.0449654
0.102415
0.245318
-0.156604
-0.0902228
0.12547
-0.428004
-0.321665
-0.153122
-0.50398
-0.225244
-0.30959
-0.405122
-0.242569
-0.377392
0.0159104
0.401046
-0.0589404
-0.300135
-0.219186
-0.38691
-0.273758
0.148707
0.542394
0.287735
0.205213
0.264743
0.173014
-0.115567
-0.0618666
0.402269
0.249966
-0.346005
0.0562023
-0.0349336
0.179819
0.14566
-0.234444
-0.227323
-0.328486
0.250712
0.35645
-0.290795
0.0875439
0.792663
-0.552486
-0.441948
-0.296418
0.341691
-0.131273
0.522875
0.1604
0.563036
-0.233328
0.732104
-0.416861
0.0386698
-0.281715
0.339975
0.596917
0.303456
-0.223426
0.266352
0.0282291
0.237249
-0.113186
-0.00478724
-0.0259762
-0.371578
-0.57605
0.171116
0.276968
0.0900592
-0.47973
-0.245122
-0.431248
-0.615787
-0.619013
-0.304428
-0.143917
-0.589418
0.27901
-0.162117
0.100432
0.236937
0.852038
0.75605
-0.0925744
-0.140436
-0.0288902
0.101755
-0.113646
0.0316411
0.546295
-0.153961
0.0336194
0.447026
0.571212
0.285461
0.321657
0.00137243
-0.179614
0.228234
-0.0553739
-0.201058
0.015449
-0.327286
0.120763
0
0
0
0.456294
0.201658
-0.156395
0.337102
-0.209995
0.0727446
-0.0152009
-0.132489
0.442655
-0.55433
0.180484
