0.210885
-0.11601
0.510807
0.94649
0.246212
-0.398127
0.0853161
-0.123299
-0.905921
-0.609933
-0.358577
-0.286766
0.0108256
0.130252
0.155617
0.49565
0.527963
-0.839718
-0.174457
-0.340615
-0.743034
-0.313934
-0.446272
0.115222
0.0998137
0.34875
0.165662
0.4108
-0.22517
0.257111
0.402249
0.628364
0.289471
-0.194347
0.253374
0.140538
-0.348337
-0.0666453
0.477787
0.460897
0.501325
0.420135
0.340343
-0.261422
-0.139084
0.405801
0.288237
0.468427
0.491415
-0.112127
-0.279328
-0.257688
0.466329
0.340316
-0.730686
-0.524997
-0.18086
0.206714
6.88581e-05
-0.00840893
-0.216235
-0.453628
-0.246416
-0.0503509
-0.095667
-0.203681
0.224776
0.183092
0.0150533
-0.207557
-0.543652
-0.494546
-0.456918
-0.280529
0.159498
0.181365
0.11443
-0.135792
-0.446471
-0.20994
0.249806
0.133416
0.316924
0.278485
0.154761
-0.285484
-0.225126
-0.488658
-0.429225
-0.481213
-0.126968
0.021916
-0.196236
0.190561
0.831071
-0.0528165
-0.233071
0.806561
-0.0685928
-0.425808
-0.328521
-0.122327
0.0687798
0.314685
0.123194
0.200225
0.301933
0.0523341
-0.140536
0.128605
-0.433189
0.44867
0.140104
-0.687851
-0.195905
0.108721
-0.0231085
0.187311
-0.0832122
0.0722027
0.504036
0.768318
-0.00831278
0.132919
-0.370679
-0.408768
0.260622
0.0192281
-0.640733
-0.202997
-0.410366
-0.0790587
-0.155414
-0.503473
-0.111412
-0.0674236
-0.0864766
-0.124744
-0.502728
-0.758526
-0.600029
-0.54326
-0.147124
0.283663
0.363451
0.703073
0.706602
0.28075
0
0
0
0
0
0
-0.382253
0.109962
0.299738
-0.202243
-0.317128
0.436875
0.297428
-0.107384
-0.373069
0.0364132
0.234796
-0.470108
-0.399381
-0.475896
-0.31518
0.67875
0.63269
0.452306
0.161589
-0.371291
0.294793
0.442026
0.0410602
0.45987
0.21018
-0.481645
-0.0542987
-0.180212
-0.0792529
0.0913376
-0.363676
-0.394018
-0.0269839
0.317495
0.259685
-0.0941606
-0.587008
-0.0506257
-0.169017
0.0011018
-0.0692369
-0.197404
0.269575
0.515104
-0.172248
0.507696
0.141392
0.280963
-0.252819
-0.092793
-0.422966
0.14435
0.125253
0.088282
-0.13112
-0.17789
-0.257686
-0.634997
-0.664337
-0.0452489
0.708024
0.248505
-0.420783
0.552636
0.242688
0.0205078
0.249262
0.157667
-0.196438
-0.46952
-0.0578771
-0.267565
-0.303911
-0.144535
-0.068387
-0.141224
-0.278482
0.326378
0.57767
0.116655
0.0327731
-0.0290166
0.206302
0.226095
-0.0740215
-0.400411
-0.304443
-0.0698627
-0.080391
0.536838
0.572845
-0.428139
0.0638891
0.103977
0.108148
0.176148
-0.0322897
0.0862818
-0.961231
-0.39098
0.171109
0.359843
0.0441319
0.180519
0.77383
0.69131
-0.355834
-0.161528
-0.77587
-0.466655
-0.15752
0.058276
0.0231777
-0.17887
-0.761187
-0.654963
-0.0747189
0.255592
0.498012
0.372065
-0.26482
0.131336
-0.127615
0.122281
0.282207
-0.0594752
0.219354
0.497705
0.101619
0.32302
0
0
0
-0.599947
-0.591951
-0.530586
0.0932308
0.594517
0.507218
-0.107715
-0.213345
-0.274275
-0.0272129
-0.156469
-0.00742815
0.294244
0.742071
0.375297
-0.0932843
0.0151094
0.154214
-0.280596
-0.367059
0.311328
0.118703
-0.0277365
0.151711
-0.169959
0.221883
0.281208
0.0483915
0.529447
0.738831
-0.358897
-0.83521
0.176273
0.335562
-0.0415536
-0.317703
-0.933192
0.252036
0.456995
0.976966
0.517568
-0.45365
-0.84413
-1.32941
-0.272329
0.558347
0.127755
0.215623
-0.37421
0.0240223
-0.190155
-0.657974
-0.335673
0.461531
0.188569
0.893298
0.470345
0.271479
0.365456
0.218733
0.164293
-0.718915
-0.42359
0.505097
0.247232
0.573636
0.470541
0.072272
-0.0193427
-0.265966
-0.461116
-0.122645
0.427135
0.718089
-0.158424
-0.0549577
-0.114129
0
0
0
0
0
0.0127822
-0.164119
-0.00128669
0.0155134
-0.276437
0.293483
0.0765261
8.03269e-05
0.0819614
0.238469
0.114182
-0.535098
0.0828663
0.216197
0.511544
0.444966
-0.729742
-0.850024
-0.58032
-0.189585
0.615682
0.188401
0.388682
-0.0162702
-0.242414
-0.346537
-0.292679
0.172508
0.445401
0.538132
0.384689
0.0449886
-0.0356309
-0.170717
-0.116341
0.0468471
0.153903
-0.0614693
0.279963
0.0796695
-0.240339
0.130378
0.0899357
-0.637157
-0.728668
-0.644602
-0.225725
-0.322238
-0.232009
-0.494644
-0.318627
0.0292339
0.207795
0.720492
0.178218
0.158168
0.579913
0.363331
0.575572
0.293939
-0.187985
-0.204347
0.229189
0.414739
0.702489
0.0167327
-0.616849
-0.451889
-0.433638
-0.700754
-0.139322
0.114176
0.66441
0.623817
0.131512
0.449964
0.0676733
-0.0956365
0.469087
0.497418
-0.12792
-0.360171
-0.543843
-0.81994
-0.25042
-0.204116
-0.221059
0.052004
0.425915
0.036667
0.109263
-0.0780874
0.275833
-0.237982
0.188384
0.217793
0.512994
-0.234715
-0.0861495
0.154019
-0.0335346
-0.139038
-0.222539
-0.651606
-0.676661
-0.192539
-0.122057
0.257655
0.00202488
0.314607
0.268309
0.445202
0.236925
-0.318066
-0.0814255
-0.269388
0.196695
-0.444694
0.298678
0.159927
-0.533677
0.505738
-0.584258
-0.705793
-0.341747
0.276099
0.12496
0.53887
-0.466196
-0.657285
0.395755
0.458869
0.325593
0.0447173
-0.03902
-0.230398
0.0508471
0.220941
0.280329
-0.441708
-0.541121
-0.444778
-0.618043
-0.405323
-0.664633
-0.361227
0.251258
-0.519596
0.266093
-0.0658655
-0.602317
-0.426336
0.182814
-0.195755
-0.843436
-0.0799344
0.132681
-0.22961
-0.00514629
0.815375
0.961554
0.640046
-0.123465
-0.169011
-0.728862
-0.999776
-0.364322
-0.421462
0.749348
0.132201
-0.904257
-0.658543
-0.073316
0.578983
0.348402
1.03586
-0.239207
0.615866
-0.468163
-0.997254
-0.402361
-0.241212
-0.220541
-0.261183
-0.22351
-0.166866
-0.425747
0.332285
-0.0262781
-0.13336
-0.996051
0.734683
0.82484
0.0709823
0.145297
-0.358413
-0.723914
-0.790864
0
0
-0.280512
0.431839
0.340753
-0.4302
-0.0991468
-0.421397
-0.474684
-0.0323529
0.723384
-0.14797
0.0956963
0.599037
-0.200193
0.153385
-0.208907
0.242284
-0.211618
-0.291312
-0.443648
-0.282179
-0.0733356
-0.0406167
0.201818
0.206662
0.392656
