0.0637712
-0.512545
0.0227876
0.0558773
-0.191512
-0.188723
0.432435
0.1999
0.527143
0.054985
-0.161666
-0.310558
-0.101781
0.170357
-0.282122
0.0738829
-0.00346567
0.256767
0.171723
-0.263486
-0.0944837
0.140165
-0.022267
-0.0896081
0.0900941
-0.12303
0.35844
-0.528673
-0.560562
-0.208253
-0.384498
-0.169575
0.231117
0.215173
0.0808003
0.290425
0.286394
-0.114463
-0.0529406
-0.00207067
0.260743
0.182907
-0.107516
0.230879
0.150097
0.0720103
-0.112715
-0.0185021
0.0242503
0.0115924
0.240697
0.0871481
0.169106
0.0487909
-0.31501
-0.241888
-0.136212
0.396991
0.316477
-0.190685
-0.297625
-0.34288
-0.145469
0.0122164
-0.0255633
0.262409
0.216219
-0.122395
-0.0710647
-0.395344
0.20417
0.449306
-0.207247
-0.12359
0.427339
0.431063
0.255128
0.196248
-0.11624
-0.0409994
0.174521
-0.3831
-0.222697
0.12514
0.175411
0.429017
-0.102291
0.284771
0.471822
-0.0392545
-0.504471
-0.352225
-0.0183322
-0.21484
0.110365
0.0683037
-0.612863
-0.124312
0.35484
0.262017
0.0613138
0.0743031
0.206658
-0.261522
-0.0152934
0.274207
0.131306
0.15562
0.058163
0.159684
0.275116
0.426019
0.175044
0.0836429
-0.514748
0.232796
0.190838
-0.0531878
-0.406536
-0.159613
-0.32564
0.370996
0.0589241
0.42574
-0.225526
-0.129225
-0.0562923
-0.340072
-0.0650303
-0.487612
0.0904143
0.108136
0.220993
0.242569
0.269218
0.126173
0.381763
0.499758
0.21171
0.252305
-0.0201405
0.0157651
0.0750602
-0.267859
0.0822945
0.0981496
-0.239562
-0.32929
-0.0448216
-0.312394
-0.112304
0.19189
0.126709
0.131193
0.181376
0.1062
0.191103
0.0553167
-0.186397
-0.288248
-0.0991692
0.0700398
0.181784
0.075763
-0.588771
-0.266848
0.0842987
-0.197261
0.20471
0.381525
0.0473997
0.343706
0.349613
0.217557
0.180258
0.425904
0.455741
0.106677
-0.195905
-0.347679
-0.228484
0.0555306
0.0160755
0.0100068
-0.367161
-0.33248
-0.281392
0.203506
0.126729
-0.0220562
-0.0257702
0.219604
0.597671
0.0197405
0.255465
0.365654
0.146063
0.557296
0.29056
0.0928144
-0.169454
0.0175585
-0.153929
0.0324533
-0.150601
-0.262694
0.0282554
0.241803
0.211684
-0.443885
-0.134101
-0.020669
-0.309215
-0.0845451
0.0655605
0.322901
0.545643
0.0730783
0.42598
0.367341
0.0830027
-0.25965
0.219229
-0.186841
-0.662597
-0.88906
-0.134359
-0.063393
0.312685
0.199022
-0.112371
0.456276
0.454429
0.338959
0.567875
0.225438
-0.021226
-0.105579
-0.21627
0
0
-0.474123
-0.268486
0.200473
-0.0566757
0.284195
0.135294
0.210338
0.187882
0.365288
0.467621
-0.133611
-0.0266311
0.0697226
0.125836
-0.109269
0.225298
0.222286
0.408752
-0.083059
0.0826654
0.402124
0.334707
0.244803
-0.0898502
-0.0223692
0.034709
-0.274289
-0.316692
-0.204256
-0.117643
-0.0903473
0.363397
0.383556
0.256802
-0.193241
0.114514
-0.206451
-0.57768
0.0970955
-0.0160293
-0.0286409
-0.0597939
0.200509
0.204336
-0.084188
-0.117433
-0.185871
-0.403407
-0.10692
-0.222498
0.0649977
0.412799
0.126
-0.167524
-0.103321
-0.127624
-0.0731031
0.194661
-0.0737203
-0.302032
-0.128737
0.285541
0.0646336
0.357154
0.434
-0.0551675
0.42673
0.201349
-0.189817
-0.334493
-0.176082
0.060572
-0.231597
0.314846
0.0968537
0.277346
-0.0599822
-0.352131
-0.202244
-0.438902
-0.320268
-0.637471
0.0521619
0.214507
-0.0951719
-0.514998
0.122625
0.619241
0.303302
0.245294
0.572704
0.321189
0.286221
-0.275905
-0.0411712
-0.0483857
0.293508
0.312053
0.519684
0.258812
0.348741
0.253435
0.274783
0.0396034
-0.737508
-0.461518
-0.306343
-0.117013
-0.352806
-0.0658519
0.0163409
0.0243289
-0.197153
-0.154441
0.097778
-0.101152
0.00749816
-0.0213494
0.113512
0.11685
0.229052
0.317157
0.235016
0.72584
-0.191979
-0.433252
0.0966664
-0.0634118
0.036407
0.417674
0.167109
0.332663
-0.277572
0.0872475
0.1851
-0.20309
-0.042602
0.319769
0.28774
0.535472
0.504484
0.249791
-0.144262
0.0243269
-0.122716
0.271051
0.0630483
0.181059
-0.336798
-0.0664056
-0.0343537
0.109184
0.676615
0.318345
-0.166924
0.240825
0.0184061
0.092303
0.112803
-0.434434
0.343804
0.0795086
-0.290059
0
0
-1.28844
0.418509
0.0677306
-0.083148
-0.0813938
0
0
0
0.017126
-0.61923
-0.248083
0.0588477
-0.0268003
0.0768725
0.292101
0.178776
0.191192
0.303796
0.285576
0.202713
0.231327
0.317146
0.215442
0.289708
-0.209761
0.0458583
0.254361
-0.32567
-0.0599267
-0.433519
0.240451
0.420333
-0.00133474
-0.0678508
0.0558666
-0.253041
0.281825
0.063911
0.171894
0.47994
0.0708598
-0.327753
-0.17457
0.0739164
0.158815
-0.281473
-0.138103
0.227452
-0.155896
-0.0652483
0.138291
-0.0602153
0.175355
-0.019729
-0.00326003
-0.144516
0.221073
0.0491228
0.00984366
0.0676027
0.0139736
-0.0108496
0.0594191
-0.0747981
0.39483
-0.205054
0.0358188
0.111344
0.309347
0.252814
-0.183866
-0.137252
-0.0681003
0.100772
-0.00695894
-0.203395
-0.15186
0.190099
0.148149
-0.196905
-0.0846032
-0.0495599
0.0579775
-0.06999
0.0577661
0.37062
0.30863
0.159823
-0.443011
-0.345411
-0.0971361
0.107149
-0.348405
-0.130885
0.412777
0.306937
-0.0454927
0.104947
-0.0353201
0.0341975
0.490275
0.412506
0.380587
0.390338
0.0587841
-0.116686
-0.0663924
0.0958011
0.209672
0.144125
-0.233042
-0.174277
-0.105571
0.308126
0.094507
-0.0134669
-0.55963
0.0539535
0.0537896
0.350466
0.0340872
0.402721
0.14934
-0.505378
-0.152218
-0.556448
-0.501397
-0.0515039
-0.169344
0.235417
0.0499442
0.218978
0.0475094
-0.180733
-0.329222
0.0379176
0
0
0.32699
-0.0785884
-0.0741349
0.091591
0.224894
-0.17599
-0.248815
0.313329
0.262186
-0.251992
-0.0991462
0.558628
0.0332275
-0.15856
-0.407561
0.146457
0.0841684
0.228101
0.172852
0.355097
0.158163
0.0404668
0.341204
-0.06386
-0.235389
-0.154677
0.0617683
0.109965
0.115489
-0.29283
-0.407152
-0.210116
0.0669982
-0.0734285
-0.142391
0.197452
0.235725
0.169196
0.295982
-0.159892
0.20754
0.0893377
0.236059
0.103524
0.072821
0.0149892
0.281018
0.119096
0.0579982
-0.344088
