0.160639
0.496652
-0.140774
0.102753
0.237416
-0.267574
-0.28249
-0.244499
-0.0956588
-0.194106
-0.0874892
-0.0353568
-0.0980278
0.371693
-0.154024
-0.0882007
0.086211
-0.0314813
-0.383649
-0.395632
-0.495831
-0.243594
-0.0082129
-0.0619361
0.000612597
0.363452
-0.242236
0.200357
0.480011
0.446509
0.290597
0.111637
0.62958
0.542797
0.279281
-0.0474292
-0.329707
-0.138835
-0.105687
-0.0604762
0.123954
0.251616
-0.00283197
-0.241405
-0.249725
0.060939
0.277126
-0.000176107
0.264485
0.275195
0.00183817
-0.0937416
0.10498
-0.22694
0.0298247
0.230262
0.429049
0.153023
0.144534
-0.541129
-0.0869693
0.110704
-0.223148
0.233033
-0.0622693
-0.160033
0.10764
-0.131525
-0.248415
0.124808
-0.0830428
-0.0170059
-0.476354
-0.428537
0.212145
0.0387082
-0.134349
0.0828785
-0.230281
-0.358501
0.233375
-0.0942968
0.231155
0.219371
-0.0287234
0.0527452
0.108054
-0.259601
-0.252799
0.0207969
-0.225451
-0.445016
0.163939
0.0346674
-0.0246377
0.097794
0.251197
0.149031
-0.0408704
-0.0875945
0.385734
-0.0993003
0.135338
0.189969
0.150931
0.0110733
0.109324
0.0231421
-0.0675967
-0.189808
-0.126642
0.103738
0.536944
0.428764
0.168334
0.0465578
0.00386835
-0.08686
-0.0358425
-0.257668
-0.203232
-0.422509
0.0433748
-0.107271
-0.0305431
-0.417492
0.0180524
-0.0988636
0.188033
0.231463
0.279903
-0.408961
0.102247
-0.152829
0.307126
0.672201
-0.237505
0.0122775
-0.220681
-0.332219
-0.219538
-0.337225
0.0339547
0.189836
-0.13507
-0.176489
0.141249
0.371033
-0.406937
0.0194239
-0.488469
-0.216203
-0.143944
0.245655
-0.00372114
0.000495547
-0.145674
0.163398
-0.243059
0.325917
0.117381
-0.192352
-0.234826
0.0357676
-0.123265
-0.214429
-0.257671
-0.325038
-0.146287
-0.156544
0.253745
0.311883
0.236008
-0.203803
0.0872333
-0.00667768
-0.323752
0.122175
0.0819127
-0.308451
-0.365715
0.251545
0.497281
-0.134541
-0.105097
0.0995897
-0.539647
-0.00485439
0.0892306
-0.351531
-0.664902
0.0981873
-0.30937
0.0256969
0.248187
0.159008
-0.147789
0.369946
0.336943
-0.246741
0.112451
-0.187108
0.401905
-0.272173
-0.544052
-0.00823503
0.0128533
-0.0445104
-0.0824037
-0.0862742
0.117625
0.385416
0.0038331
0.150544
0.0177913
-0.441494
0.358839
0.362577
-0.0515004
-0.217524
0.270051
0.384185
0.114922
-0.0181416
0.0289152
-0.186228
0.25731
-0.317437
-0.168415
-0.321258
-0.0828226
-0.137056
-0.20233
0.333897
0.0885407
0.31156
-0.153057
-0.167681
-0.248451
-0.134298
-0.0357127
-0.205528
0.0374669
-0.197442
-0.147599
0.055481
0.053137
0.0633374
0.261309
0.195409
0.326405
0.0213435
0.188503
-0.181717
0.0727765
-0.0419947
0.0610371
0.0737498
0.0943557
-0.28925
-0.212493
-0.182355
-0.11167
-0.265632
0.11346
0.300179
0.386175
0.551304
-0.0876621
-0.00262832
0.0920286
-0.166277
-0.0772593
0.115273
0.358745
0.030382
-0.0905845
0.0217865
-0.050704
0.0892705
-0.240255
0.036961
0.0970321
-0.205103
0.0130289
0.322116
-0.159584
0.180396
-0.247422
-0.0841159
0.00495441
-0.322331
-0.215147
0.0949318
0.113893
0.298116
-0.184203
-0.469111
-0.218518
-0.109837
0.0914661
0.258841
0.0343128
-0.462967
-0.459814
0.0929184
0.623233
-0.278269
0.252145
0.389641
0.136138
-0.306145
0.0664557
0.0938092
-0.0815263
-0.0323379
0.0723667
-0.259045
-0.0286429
0.212612
0.0811935
-0.39983
-0.0597234
-0.15722
-0.110937
-0.208239
0.322807
0.216514
0.00755473
-0.0435559
0.0801811
-0.0763118
0.20724
0.221193
0.164021
-0.120337
0.110493
-0.096426
-0.0579508
0.0207806
0.249284
-0.155962
-0.223084
-0.0164328
0.124321
0.11896
0.0800522
0.574008
0.0597274
-0.269731
-0.0271716
-0.103075
0.0970633
0.236277
0.284788
0.107912
-0.0339999
0.103395
-0.287604
-0.159785
0.10993
0.5099
0.077821
0.240744
-0.481362
0.0497445
0.0719028
-0.359092
-0.273697
-0.0274429
-0.0835116
0.19628
-0.254101
0.164972
0.298047
0.0661304
0.0447156
0.0423697
-0.173417
0.121476
0.0194467
0.0979759
0.128816
-0.130809
0.0660343
0.248064
0.28575
0.112162
0.334935
0.288997
0.145521
0.411675
0.337098
0.507353
-0.0217354
0.161477
0.0303497
-0.0061456
0.180441
0.108787
-0.0794958
-0.281207
-0.16223
-0.0331521
-0.219841
-0.0807708
-0.220782
-0.298615
-0.124613
-0.327923
0.0910471
0.00522748
0.0790337
0.172801
0.195017
-0.129692
-0.222055
-0.0795369
0.0577697
0.122738
-0.187986
-0.00570055
-0.0297464
0.230522
-0.22338
0.629904
0.309072
0.0763808
0.232874
0.0301214
0.239038
0.0514729
-0.24464
-0.0212777
-0.366072
0.118089
-0.277846
-0.225449
-0.00262662
0.332938
0.00349493
-0.120752
0.0218057
0.0566445
-0.101625
-0.274067
0.0906423
-0.133151
-0.150676
0.136762
0.226977
-0.266916
0.0399137
-0.157945
0.326057
0.246814
0.112215
0.307384
-0.147597
0.26187
0.437296
0.195452
-0.141007
0.0547957
-0.107651
0.298743
0.0794645
-0.137736
-0.41659
0.0587534
-0.165763
0.0178194
0.230883
0.357803
-0.0491757
-0.152862
0.219873
0.304922
-0.0301952
-0.269328
0.427968
-0.153248
0.0414543
0.210834
0.0489065
-0.0720408
-0.0649729
-0.256781
0.00871584
-0.00989458
0.00133381
-0.0967971
-0.136115
-0.0609945
-0.190411
-0.215446
-0.0349895
0.40405
-0.0352123
-0.0871368
-0.199231
-0.0661625
-0.176298
-0.133975
0.47491
0.157851
0.175139
0.0846098
0.0316983
-0.317715
0.0177272
0.00741613
-0.228644
0.116534
-0.203416
-0.22759
0.147934
0.282217
-0.199821
-0.245134
-0.00769093
0.463693
-0.000676588
-0.0853872
-0.163519
0.455362
0.20702
0.172361
-0.122291
-0.0648955
-0.0394745
0.418788
0.175538
0.38626
0.0805181
0.109896
0.329668
0.0531245
0.0062091
0.184857
0.384547
-0.167026
-0.121572
-0.106503
-0.00709848
0.21262
0.131473
-0.176308
0.381717
-0.0743251
0.0950902
-0.0234294
-0.0661931
-0.297714
0.175949
-0.117604
-0.426602
0.111174
-0.0401434
-0.0887437
-0.292795
-0.474167
-0.39615
-0.128632
0.179911
0.34572
0.0314056
0.137617
-0.131606
-0.0906116
-0.173649
0.280303
-0.0556406
-0.279175
-0.615064
0.0809927
0.700084
0.682207
0.0794031
-0.110203
0.32304
-0.0313029
-0.211571
-0.11636
0.212505
0.354566
0.0794508
-0.19902
-0.190058
0.169644
0.176048
0.281338
0.0399766
-0.0120751
