0.632836
0.0600942
0.00448856
-0.566215
-0.303192
0.233411
-0.333045
0.0877436
0.450352
-0.0924286
0.232573
-0.112191
0.224954
0.180103
-0.211077
0.390644
0.510376
-0.0426984
0.032737
0.653753
-0.0791368
-0.0848297
0.563725
-0.180523
-0.0884909
0.573701
0.219643
0.235249
0.248916
-0.17646
0.343454
0.13582
-0.141268
-0.0902578
0.0711234
-0.0948598
-0.50319
-0.480685
-0.440098
-0.130363
0.480978
0.221197
0.0153989
0.26474
0.473328
0.553833
-0.506283
-0.00499782
0.0374391
-0.0866866
-0.369762
-0.626419
-0.431762
-0.524602
-0.209868
0.0924798
-0.278464
0.230048
0.388529
0.264593
-9.26604e-05
0.164271
0.436005
-0.392335
-0.00142616
-0.107761
-0.39416
0.178671
-0.118391
-0.52998
0.474316
0.296548
0.12836
0.0897139
0.0889943
-0.0659631
-0.205766
0.0727438
0.400456
0.346246
-0.53838
0
0
0
0.329094
0.0430101
0.123136
-0.0886322
-0.12656
-0.23005
-0.45316
0.13192
0.0246422
0.00336457
0.204573
-0.321895
-0.0690612
-0.473234
-0.267632
0.867352
0.379436
-0.126042
0.0506813
0.306098
0.424642
0.37785
-0.195648
0.23382
0.10944
0.283561
-0.388518
0.134796
0.521661
-0.232472
-0.8595
0.176064
0.921472
0.263035
0.00496473
-0.0393497
-0.0671732
-0.657308
-0.183192
0.0462697
-0.761068
0.0152209
0.402373
0.381256
0.148386
0.298114
-0.0993412
0
0
0
0.675701
0.929196
0.310202
0.197704
0.583652
0.657423
0.305345
-0.260904
0.00254878
-0.685625
-0.543031
-0.358125
-0.0583158
0.541109
0.0745719
0.485515
-0.258256
-0.316645
0.440203
0.134374
0.0365208
-0.24033
-0.228857
-0.790379
0.127943
0.729088
0.345175
-0.099296
0.152844
0.204144
0.301635
0.0320223
0.00987171
-0.315154
-0.146007
-0.0236272
-0.228633
0.301201
-0.0709255
-0.157122
0.557925
0.514154
0.40689
0.144533
-0.141596
-0.217181
0.358654
0.120004
-0.134999
-0.582444
0
-0.151778
-0.809298
-0.448559
0.259391
0.505366
0.546017
0.171763
-0.485633
-0.249501
-0.280847
-0.39661
-0.178412
0.410131
0.34708
0.574595
0.344834
-0.318981
0.157741
-0.254108
-0.52282
-0.597998
-0.186042
-0.0307304
0.407801
0.0951959
-0.0600258
-0.229834
-0.303198
-0.51128
0.10151
0.481768
0.517508
0.187638
0.229034
-0.138881
-0.443683
0.362747
0.0708818
-0.780272
0.232043
0.262105
-0.679841
-0.270534
-0.16013
-0.102393
-0.207468
0.00588362
0.120514
-0.000573677
0.27397
0.610274
0
0.99062
0.447189
-0.111553
-0.219469
-0.132942
0.277265
0.14551
-0.497261
-0.660499
0.490804
0.175905
-0.623487
-0.205918
-0.0343634
-0.147022
0.535356
0.0200133
-0.216782
0.171924
0.0352982
-0.0309544
0.00920174
-0.0755167
-0.425987
0.130802
-0.386763
-0.145089
0.060148
-0.623992
-0.05138
0.635703
0.239619
0.0722052
0.351387
-0.696116
-0.0828512
-0.123245
0.144121
-0.0626142
0.0521917
0.197796
0.159107
-0.105956
-0.00408108
-0.0806969
-0.0602211
-0.0805238
0.261006
0.136465
-1.07822
-0.10635
0.0164798
0.227922
-0.741998
-0.139969
-0.17678
0.158411
0.362436
-0.284485
0.0126987
-0.575262
-0.365221
0.0126086
0.444088
0.45103
0.265619
-0.0419901
0.566037
0.758746
-0.264209
-0.147446
-0.0316514
0.0871403
0.183647
-0.108321
0.181186
-0.183832
-0.33623
0.416842
0.56498
0.0794144
0.132349
-0.569159
-0.120547
-0.227101
0.40307
-0.0601334
-0.292492
0.156547
0.0854088
0.212842
0.382437
-0.197535
-0.505891
0.194402
0.0866538
0.0698016
0
0.34491
-0.713134
-0.204576
0.520311
-0.0887046
0.148386
-0.255862
-0.502114
0.400086
-0.555419
-0.0444151
0.401893
0.23787
0.135499
0.168199
0.155553
-0.205316
-0.463066
-0.288526
0.469109
0.345418
0.145208
0.678521
0.345203
-0.593834
-0.704924
0.138758
0.243579
-0.212437
-0.212085
0.284151
-0.555393
-0.215166
0.507851
0.0654836
0.493293
0.246148
-0.796338
0.40645
0.49351
0.471519
-0.293259
-0.271944
-0.0130914
0.794907
0.539559
-0.0454149
0.406182
0.00682522
-0.188555
-0.377068
0.178545
-0.0557216
0.0809867
0.141716
-0.100212
-0.407117
0.013653
-0.0383566
0.00491521
-0.106366
0.278529
0.205371
-0.0255474
-0.0745187
-0.0593213
0.203981
0.342981
0.151707
-0.0858535
-0.0463652
0.348299
0.0169507
0.232662
0.464702
0.0440429
-0.0654577
-0.0143794
-0.010653
-0.0728688
-0.330717
-0.0535899
0.0481309
0.0402077
0.546745
-0.0152833
0.432838
-0.305739
-0.805011
-0.5527
-0.057604
0.100769
-0.115361
0.252008
0.271898
-0.0485218
-0.120673
0.659257
0.875965
0.0983242
-0.884935
-0.191335
-0.227587
0.537232
0.503604
-0.405264
-0.420406
-0.265445
-0.00486084
-0.0779495
-0.0324483
0.0702877
-0.02159
0.0480705
0.153386
-0.0603702
0.235503
0.663873
0.424845
0.208003
-0.0580759
0.189171
-0.436984
-0.109019
-0.210727
0.0040114
-0.0462372
-0.711924
0.0812686
0.5226
-0.215801
-0.424582
-0.104258
0.134562
0
0
-0.0932086
0.144541
-0.416874
-0.211684
-0.249297
-0.444716
0.203547
0.385735
0.831497
0.3778
-0.432912
-0.609852
-0.439267
-0.447876
-0.353715
-0.133682
0.309425
0.433388
-0.0999022
-0.0292232
0.269192
-0.0543197
-0.172747
-0.391112
0.00798525
-0.052088
-0.409801
-0.165676
0.0357908
-0.286093
0.0475813
0.640813
0.071494
-0.234216
0.0202538
0.326228
-0.152455
0.204631
0.406659
0.316319
0.265394
-0.377118
0.0151764
0.362159
-0.762013
-0.0757063
0
-0.625463
-0.294261
-0.50277
-0.309888
0.651029
-0.289779
-0.363014
-0.131588
-0.243846
-0.153703
0.610707
-0.0950575
0.11566
0.291203
0.071355
0.473888
0.107839
0.242478
0.0704908
0.314296
0.337146
0.183902
0.341021
0.329619
-0.15916
0.212928
0.542412
-0.30028
-0.282491
-0.000848499
-0.39855
0.341692
-0.124481
-0.176262
0.776127
0.34015
0.590876
0
0.481192
-0.440935
0.139368
0.0657351
-0.2148
-0.129289
0.324794
0.28772
0.205529
-0.474044
-0.657333
-0.254701
0.00122286
0.197738
0.0385894
0.0406465
0.159935
-0.0709689
0.0563726
0.290859
0.359871
-0.399025
-0.207402
-0.0999598
0.242344
0.422861
0.291807
0.306616
0.224775
0.441702
1.18548
0.551977
-0.0130737
-0.29846
-0.378233
-0.0185392
-0.26014
-0.29388
