0.349433
-0.335541
-0.507156
-0.432042
-0.472647
-0.0416133
0.0988432
0.36671
0.21764
0.240153
0.198973
-0.00510577
0.422569
0.563328
0.107515
0.244431
0.200159
0.0525226
-0.22233
0.242452
-0.616921
-0.151173
-0.156089
0.441109
0.152095
0.121372
-0.143534
-0.115994
-0.115297
-0.0174454
0.333311
-0.712022
-0.438433
0.0657126
0.341336
0.0501591
0.140555
0.116421
0.0207452
-0.549465
-0.410165
-0.0370737
0.329101
0.244696
-0.183219
0.061934
0.159975
-0.355044
-0.0506386
0.0721614
0.288385
0.216359
0.0217822
0.0642381
-0.347412
-0.30582
0.178271
-0.275467
-0.108716
0.0877001
-0.135936
0.128644
-0.137801
-0.366756
0.0993616
0.45705
0.558965
-0.157215
-0.270464
-0.220235
-0.347782
0.166815
0.220951
-0.155033
0.365557
0.236161
0.178406
0.408926
0.383679
0.270179
-0.175707
0.00995474
0.39058
0.128518
-0.118243
-0.170623
-0.159011
0.447916
0.114798
-0.166925
0.110667
-0.00427123
-0.231134
0.142579
0.113873
-0.0442333
0.00860517
0.0148911
-0.216688
-0.20151
0.120812
0.292741
-0.126096
-0.481285
0.136266
0.29154
0.482047
0.501711
0.129372
0.0571298
-0.221611
0.507433
0.435576
-0.235979
-0.473716
-0.112421
-0.111338
0.356639
-0.103535
-0.184992
0.337339
0.269396
-0.0508401
-0.0780606
0.230002
0.646741
-0.250796
-0.109487
-0.124882
-0.49589
-0.135718
-0.105262
0.0998332
-0.119931
0.0699611
0.19088
-0.10025
-0.0887352
0.0727997
-0.0192604
0.0103432
-0.310936
-0.256234
-0.336141
0.0786704
0.63963
-0.275917
-0.146017
-0.140895
0.0337641
0.0168091
0.222382
-0.111374
0.0247103
0.551472
0.121426
0.0240995
-0.261925
-0.0742129
-0.175569
-0.174123
0.0491383
0.0907511
0.343524
-0.0473662
0.293754
-0.355457
-0.305248
0.209076
0.110132
0.201341
0.0639134
0.153993
0.185385
0.283356
-0.0245882
0.147325
0.217047
-0.0393226
-0.167822
-0.100212
-0.191783
0.121919
-0.306988
-0.163301
-0.136064
0.0259112
-0.00284608
0.218039
0.0607504
0.171821
0.119988
0.443126
0.461896
-0.0889564
-0.0204979
0.122795
0.0384934
-0.238943
-0.323421
0.529266
-0.0385112
-0.47348
-0.256346
-0.120532
-0.141432
0.0861939
-0.0551908
-0.114514
-0.394173
0.172228
-0.305568
0.582488
-0.31239
0.392566
-0.0700127
-0.26171
0.423296
0.284183
0.399428
-0.000792895
-0.362409
0.0379696
0.366728
-0.22773
-0.272802
0.0262343
0.0332025
0.00460092
-0.00980951
0.00938367
0.420306
0.267864
0.267684
0.276789
0.0586624
0.0424894
-0.844686
-0.323941
0
0
-0.291017
-0.30753
-0.0322224
0.219444
-0.0148185
0.135053
0.247086
0.270965
0.354431
-0.140362
-0.16963
-0.563715
-0.436858
0.0363028
0.0151333
-0.180954
-0.217541
0.667128
0.339476
0.655533
0.296049
0.0462471
-0.0203314
0.426279
-0.0483852
-0.324174
-0.814139
-0.319463
-0.044542
0.177036
0.0484347
0.658145
0.129286
0.243317
0.604084
0.134433
-0.648336
-0.161184
0.0670698
-0.335243
-0.150854
0.129697
0.136615
-0.00163025
-0.228144
-0.0665817
-0.258643
-0.326217
-0.334569
-0.00256413
0.0607647
0.0645081
-0.106169
-0.112171
0.0185112
0.359087
0.10795
-0.363237
-0.230698
-0.231217
0.00529944
0.160168
0.0771027
0.087167
0.652337
-0.266094
-0.00679321
-0.381495
-0.162574
0.0317526
0.149653
0.447648
-0.243506
-0.0760016
-0.0570571
-0.194771
-0.336133
-0.477389
-0.202848
0.0555759
-0.0763408
-0.135227
0.0469644
0.0270995
0.240444
-0.0167554
-0.0608611
0.270183
0.866464
0.201185
0.0385028
-0.0346346
0.088249
-0.0102475
-0.123407
0.0340335
0.360613
0.0986519
-0.077612
-0.0625168
0.124384
0.101528
0.34118
0.35609
0.0511256
0.448557
0.189357
-0.116173
0.355178
-0.0407114
0.26537
-0.242528
-0.149429
0.355089
-0.132087
-0.102049
0.0970346
-0.651557
-0.203471
-0.0927907
0.167927
0.151838
-0.0596596
-0.381458
0.0159073
0.288596
0.0256219
0.124724
-0.129602
0.223558
-0.0356427
-0.0739644
0.170469
0.153953
-0.0510616
-0.362658
-0.218717
-0.478468
0.53467
0.88814
0.511432
0.306984
0.0790938
0.292433
0.253228
0.0691099
-0.111191
-0.254684
-0.281251
-0.272736
-0.154547
0.0771487
-0.24343
-0.236268
-0.291934
0.138373
0.0785232
0.294306
0.580547
0.274708
0.000170682
0.0793213
0.246298
0
0
-0.499241
0.381912
0.0687119
-0.0400916
-0.563361
0
0
0
-0.160375
-0.429339
-0.177638
-0.0967734
-0.22978
-0.0117881
0.00532165
0.0981837
0.654637
0.42802
0.187642
0.388391
0.193991
0.525403
0.0342876
-0.177668
-0.0316375
-0.433581
0.272893
-0.274867
-0.596108
-0.07707
0.069188
0.0352459
-0.358521
-0.28067
-0.212804
-0.471119
-0.0488989
0.0443794
-0.123799
0.126584
-0.141567
-0.0668277
0.0383384
-0.0686304
0.313387
-0.233356
0.0106313
0.0491064
-0.678539
-0.580051
-0.22109
0.190552
0.218843
0.477553
0.25192
0.35315
0.306345
0.292326
-0.0142054
0.170958
0.154512
0.260068
0.270428
-0.0672844
0.429999
-0.274709
-0.426562
-0.442883
0.0758233
-0.0684179
0.0487199
-0.0808971
0.0645938
-0.148366
0.328804
0.17952
-0.191398
0.0926107
-0.293366
-0.0778571
0.042627
-0.209549
0.413498
-0.0472039
-0.116356
0.0639312
0.3958
0.0308893
-0.297297
-0.0267743
-0.128236
-0.116593
-0.451793
-0.540788
0.236281
-0.0469245
-0.0822757
-0.0743533
-0.166409
-0.255308
0.166453
0.392022
-0.0774365
0.153203
0.147307
0.0130489
0.578294
-0.0439226
-0.061121
0.0260995
-0.688088
-0.13113
-0.260067
-0.231782
-0.367839
-0.134452
-0.570505
-0.527831
-0.203931
-0.114912
-0.117878
0.214183
0.377381
0.213061
0.773533
0.557833
-0.578579
-0.362411
-0.255582
-0.428379
-0.256338
-0.00856588
0.0858231
0.209386
0.0680578
-0.300391
0
0
-0.0172625
-0.109672
-0.256692
-0.0144037
-0.0302727
-0.184453
-0.0797428
0.518318
0.177112
-0.211576
0.412345
0.0926695
0.614504
0.201441
-0.460552
0.112799
-0.113571
-0.0356485
0.160325
0.155799
-0.254819
-0.247491
0.188918
0.377142
0.0535706
0.0703534
-0.151379
-0.0921273
0.166987
-0.275345
-0.463293
-0.113442
-0.157935
0.177349
-0.291319
-0.405148
0.0765587
-0.127087
0.441203
-0.380252
-0.214915
0.100139
0.284614
0.460192
0.0236561
0.281442
0.221044
-0.287316
0.274269
0.372214
