0.0249535
0.169417
0.0501101
0.0719997
0.102643
-0.172233
-0.424926
0.156198
-0.0200947
0.157327
0.025229
0.192806
-0.219012
-0.177467
0.121809
-0.249022
-0.338547
0.181564
0.636344
0.0146231
-0.397654
0.0932372
-0.268522
-0.0697695
0.00812602
0.0800833
-0.0528352
-0.256634
-0.595371
-0.397322
0.463142
0.260421
-0.178627
0.306451
0.147772
-0.138586
-0.512868
-0.0191303
0.139368
-0.426556
0.0585346
0.206327
-0.102787
0.0947283
0.433741
-0.195957
0.108925
0.171745
-0.0503765
0.442949
-0.208883
-0.102027
-0.204357
0.0560317
0.22833
0.716205
0.308983
0.219811
-0.179445
-0.0684844
0.262657
-0.127888
0.17793
0.327918
-0.314827
-0.331973
0.246306
-0.16547
-0.000892399
0.261384
-0.394078
-0.438861
0.496884
0.11708
0.0736804
0.344696
0.191658
-0.0506406
0.265698
0.168255
-0.436759
-0.511183
0.398119
0.314454
0.150837
0.0176956
-0.466832
-0.115407
-0.152782
-0.0738671
-0.22645
0.280901
0.107062
0.0457249
0.662625
-0.318643
-0.835864
0.570789
0.134305
0.194178
0.814497
-0.250222
0.203086
-0.131822
0.146425
-0.267641
0.0942618
0.053899
0.311244
0.0110941
0.0518949
0.567377
0.230024
0.311883
0.816796
-0.078724
0.279864
0.0626312
-0.393363
0.0205736
0.471699
-0.220267
-0.620416
0.319062
0.404791
-0.0943989
0.169615
0.552221
-0.459591
-0.0560126
0.0758238
0.0975313
0.529249
0.395954
0.0182528
-0.0302737
0.0885209
-0.106241
0.032172
0.0242314
0.00146277
0.0134247
0.157257
0.457753
0.381684
0.433605
-0.0804705
0.0912515
-0.328889
-0.148855
0.351059
0.087878
0.178724
0.320322
-0.0307177
-0.378868
-0.403875
-0.0374388
0.0596683
0.148367
0.148561
-0.0393032
-0.0520896
0.129867
-0.344266
-0.267179
-0.0660606
-0.226862
0.0168025
0.196284
0.288404
0.0154973
0.0960063
-0.165212
0.0913599
-0.0706847
-0.102422
0.719511
0.373352
0.0712789
-0.00252434
0.0375425
-0.0337566
-0.172341
1.02892
0.351152
0.305529
0.57702
0.288564
0.189752
0.609451
0.278424
0.493741
0.0180778
-0.121343
-0.00878026
-0.411741
-0.255638
0.0231929
-0.0764893
0.310596
-0.613355
0.130814
0.0993543
-0.240196
-0.165351
0.186782
-0.0142799
0.0811578
0.241744
0.0491545
0.00845762
0.339881
-0.0209545
-0.390416
0.158326
-0.00929222
-0.121479
0.463511
0.114198
0.188312
-0.850972
-0.987853
-0.433225
0.650901
0.200176
0.619266
-0.101015
-0.353045
-0.461799
-0.19664
-0.0845542
0.0865267
-0.383519
0.374088
0.633168
0.372386
-0.431041
-0.30362
-0.441268
-0.181369
0.0534613
-0.0856943
-0.0248222
-0.583463
-0.438608
0.318026
0.337668
-0.107072
0.0746276
0.377748
0.626738
0.26936
0.00201782
-0.332241
0.139025
0.429406
0.39368
-0.00773426
0.393096
0.428953
-0.175892
-0.72685
0.0982839
0.437411
0.041375
-0.110893
0.0288024
-0.305801
0.155303
-0.232177
-0.0420055
0.232828
0.282283
0.00935431
0.150451
-0.00341315
0.30619
-0.212778
0.0229496
-0.0912543
-0.526828
0.657014
0.219202
-0.175835
-0.115969
-0.341409
-0.781635
-0.231758
0.294182
-0.0662441
-0.230816
-0.0974076
0.767396
0.74849
0.420833
-0.265535
0.186741
-0.142266
0.115816
0.388648
-0.101634
0.00934919
0.23381
0.338032
-0.515905
-0.388684
-0.536514
-0.508341
-0.374198
-0.115155
-0.345428
-0.0560895
-0.0496363
-0.0936519
0.539989
0.191795
0.435925
0.0538134
0.165114
0.239112
0.546058
-0.0846764
-0.120033
-0.388093
0.207564
0.323967
0.559306
0.0884407
0.218101
-0.687839
-0.829781
0.00447843
-0.149554
-0.0568313
0.262914
-0.0633052
-0.303227
-0.0191552
-0.157025
-0.388581
0.0016582
-0.363968
-0.0858726
0.519318
-0.399547
-0.115185
0.3617
0.140488
0.577681
0.277523
0.275931
-0.0811471
-0.13538
0.105736
0.619203
0.279884
0.237005
-0.331842
-0.286044
-0.0891342
0.180683
-0.208913
-0.770418
0.192041
-0.0831621
-0.221061
0.130858
-0.0108279
-0.170661
-0.331726
-0.153398
-0.323387
0.778797
-0.0433454
0.27474
0.221392
-0.154012
-0.0571496
-0.187597
-0.0674618
-0.280315
-0.104512
0.161307
0.139815
0.206168
0.350603
-0.103679
0.331239
-0.0881972
-0.0603616
0.365038
0.528152
-0.154058
-0.192776
0.197427
-0.136225
-0.434949
0.445811
-0.194873
-0.485127
0.15749
0.0543841
-0.556769
-0.416052
0.00436832
-0.0690404
0.0245844
-0.496069
-0.15228
-0.178709
-0.16334
-0.399308
-0.257915
0.475822
0.280466
-0.180682
0.0316415
-0.447101
-0.00491859
-0.0997721
0.426872
0.107824
0.148147
0.380582
0.299771
0.393622
0.0958133
-0.211252
0.208007
0.0232451
-0.066311
0.397612
0.077474
0.318509
0.127983
-0.22992
0.194695
0.133952
-0.0397974
0.253251
-0.171184
-0.0960475
-0.0332582
0.340541
0.168741
0.0822326
-0.540348
0.0322274
0.0438547
-0.147609
-0.332108
-0.0337492
0.0417564
0.148959
-0.222978
-0.270633
0.612145
0.371774
0.206439
-0.436211
-0.0666434
-0.269921
-0.304937
-0.124047
0.0961105
0.107168
-0.00175073
0.0502426
-0.296651
-0.244587
-0.0859386
-0.551125
-0.193432
0.0329476
0.386087
-0.0338379
0.210242
-0.56926
-0.262177
0.0654343
0.390806
0.162619
0.150355
0.151415
0.0288753
0.168241
0.399105
0.187085
-0.30916
-0.242834
0.443771
0.110786
0.42428
-0.215146
-0.0905319
0.00973852
-0.0389938
0.625736
0.358317
0.242909
0.519681
0.454983
0.265494
0.203563
-0.512051
-0.25381
0.635373
-0.169447
-0.138612
0.319117
0.291247
-0.0628091
0.375084
0.467228
0.561957
0.234569
0.287662
-0.000570404
0.405007
0.484464
0.296787
0.100447
-0.35902
0.191739
-0.357218
-0.423944
-0.210835
0.0958469
-0.45631
-0.247441
0.106442
0.611088
0.166402
-0.204317
-0.20589
-0.195351
-0.0456692
-0.00457096
-0.0601415
-0.0620303
0.15748
0.384912
0.547152
0.20807
-0.425184
0.393718
0.170125
0.144661
0.474066
-0.143634
-0.0732035
-0.0796158
0.285129
-0.175039
-0.639321
0.0512891
-0.143145
0.202148
0.17419
0.1229
-0.0662308
-0.158304
-0.261717
-0.224765
0.0297059
-0.458493
-0.470542
0.319578
0.14289
0.0817224
-0.345942
-0.18712
-0.224977
0.147969
0.203895
0.277354
0.519124
0.509665
0.128032
0.00340706
0.261526
-0.345607
0.339077
0.150921
-0.241265
0.172214
-0.0236755
-0.259125
0.0559199
0.467342
0.336378
0.144197
-0.424259
