0.0547302
0.0451302
-0.0025481
0.386289
0.240828
0.202254
-0.396319
-0.174671
0.0205115
0.150318
-0.225665
-0.182029
-0.251508
-0.23242
-0.0293677
-0.190103
-0.0754062
0.432666
0.19667
-0.249466
-0.268377
-0.289528
0.394804
0.101274
0.381485
0.147242
-0.0468164
-0.116372
-0.191462
-0.201564
0.167924
-0.00431903
0.474537
0.264316
0.477731
0.461975
0.335969
0.0593308
-0.10535
-0.00908423
-0.358171
0.223485
0.324438
0.26691
-0.156773
-0.247758
0.227984
0.223888
-0.0560969
-0.236195
-0.0135738
0.0586966
0.124632
0.0219488
-0.318338
-0.0206892
-0.341175
-0.116347
-0.036547
-0.264152
0.212304
0.298902
0.202615
-0.0546325
-0.0444933
-0.188403
-0.0778344
0.134447
-0.116539
0.165154
0.00553005
0.463818
-0.276208
-0.128919
-0.110065
-0.057833
-0.0670755
-0.0104562
0.105216
0.0373223
0.261071
-0.260341
-0.106985
0.0652229
0.0434502
0.577799
0.142907
-0.380917
0.021304
0.243233
0.513807
0.222887
0.102697
0.419417
-0.279578
-0.276681
0.0176513
-0.177755
0.345206
0.289589
0.781629
0.347864
0.215881
-0.0651119
-0.143202
0.489329
-0.1481
-0.251508
-0.172275
-0.128856
-0.12211
0.0942447
-0.128781
0.0954485
-0.026333
-0.174277
-0.221287
0.295186
-0.457633
-0.0490988
0.125603
-0.70567
-0.363196
0.0583986
-0.133898
-0.346002
-0.190311
0.270105
0.540565
0.405757
-0.0964968
-0.0586477
0.239367
0.268207
0.135227
0.0879235
-0.0918632
-0.205525
-0.0512686
0.0364078
-0.0106522
0.173028
0.244747
0.2879
0.526836
0.319373
-0.111237
-0.0485311
-0.395522
0.050361
-0.236445
0.112249
-0.330119
-0.267641
-0.166344
0.129734
0.285976
0.0939493
-0.160999
0.249441
0.0771314
0.0185115
-0.0316792
0.0680202
0.056675
0.379918
0.68685
-0.110085
0.282698
0.0831728
0.156457
-0.176759
-0.133201
-0.0662545
0.138365
0.241304
0.0458009
0.0569794
0.364633
0.184854
0.0738989
0.178055
-0.121461
-0.276498
0.428511
-0.210074
0.106572
0.363846
0.0248835
0.502999
-0.0076395
-0.0898764
0.128817
-0.405374
-0.182792
-0.261381
0.126739
0.739388
0.691873
0.343751
0.314297
0.197914
0.318638
0.104102
-0.188885
-0.295514
-0.0232647
-0.348013
-0.0323938
-0.229226
0.0727382
-0.286188
0.128455
0.205214
0.223492
0.105734
0.0519089
0.0651118
-0.0757593
0.0140279
-0.0909996
-0.140756
0.0448923
-0.750875
0.498627
0.824503
-0.112339
-0.146476
-0.0283437
0.115976
-0.13069
0.365815
0.541392
0.149408
0.590251
0.319326
-0.267075
-0.265268
0.125449
-0.0792689
-0.321498
-0.135022
0.0812613
-0.118403
0.323664
-0.163141
0.313498
0.0431714
0.11251
0.351599
0.298099
0.0539311
0.107358
0.501824
0.0354548
-0.258777
-0.256414
-0.271216
0.169998
0.529898
-0.264638
0.256892
0.141035
-0.426463
-0.266006
0.0292505
0.291552
0.380182
0.25032
0.423585
0.228626
0.00354482
-0.0141503
-0.274702
0.280972
0.549102
0.2528
0.219824
-0.127899
-0.248471
-0.234739
-0.393739
-0.198882
-0.544529
-0.334277
0.13344
-0.00973902
-0.290797
0.0547156
-0.0292587
0.0367062
0.23375
-0.168985
0.0757957
-0.106426
-0.405475
-0.544969
-0.179773
0.270035
0.0959452
0.114296
0.390862
0.0179314
-0.336706
0.0499553
0.538327
-0.195254
-0.0207382
0.401314
0.0345934
0.522391
-0.0804321
-0.390931
-0.212122
-0.233435
0.276549
0.386885
0.150425
0.482026
0.0728491
0.146766
0.138937
0.144657
-0.154642
-0.131435
-0.064346
-0.0888988
0.0758074
-0.0346757
-0.164522
0.0306318
0.0454624
0.178463
0.130993
0.0135807
-0.185155
0.277638
-0.0497424
0.183363
0.37814
0.0316681
0.158481
0.161907
0.105041
0.263994
0.294371
-0.060533
-0.179981
-0.0569811
-0.0590655
0.145653
-0.21411
-0.249275
0.0332011
0.0703145
0.246829
0.0698936
-0.0881703
-0.0224744
0.147647
-0.00432416
-0.113293
-0.0779525
0.149746
-0.108058
-0.0503441
0.240507
-0.0849778
-0.354445
0.0530752
-0.0706139
-0.114419
0.0432496
-0.216903
-0.0407724
-0.0554071
-0.0273761
-0.424735
-0.192513
-0.0923393
-0.0534366
-0.207699
-0.263903
0.120123
-0.0432302
0.159758
0.273155
-0.50706
-0.283329
0.0922724
0.0193683
-0.2929
-0.225113
-0.215269
-0.0925299
0.24031
-0.373897
-0.00180208
0.177998
0.190608
-0.0236355
-0.0541541
0.554046
0.435275
-0.100904
0.459288
0.491349
0.0185543
-0.33458
-0.0290536
0.141674
0.158995
0.393687
0.522618
0.197401
0.327741
0.129565
-0.19247
0.224772
-0.0279838
-0.402449
-0.881457
-0.584844
0.00484458
-0.178459
-0.0211091
0.56138
-0.00923519
0.08404
-0.23538
0.242246
0.21916
0.482406
0.134906
0.109069
0.626077
0.309917
-0.283665
0.120092
0.0288973
0.180525
0.312514
-0.00942932
-0.185884
0.0257504
-0.00665179
0.147753
0.138099
-0.10297
0.334437
0.129826
-0.0438989
-0.266252
-0.126672
0.223413
0.440507
0.590306
0.486553
0.0366373
-0.360586
0.0419705
0.0148727
0.51532
0.143412
-0.224616
0.146195
-0.562585
-0.170123
0.391823
0.644015
0.298716
-0.0905981
0.20106
0.137487
0.222418
0.0481353
-0.325118
-0.206655
-0.284872
-0.164989
-0.162386
-0.441124
0.0650038
0.0159794
-0.212198
0.0583843
0.243366
0.00123987
-0.216348
0.414089
0.132673
0.0538942
-0.0650286
-0.0680799
0.0557981
-0.0851678
0.228845
-0.0572108
-0.260234
-0.00323601
-0.135805
-0.25548
-0.366876
-0.481564
-0.0110935
-0.215283
-0.252451
-0.123576
-0.0252997
-0.365539
-0.151537
0.056724
-0.121548
0.34009
0.531785
0.151008
0.218086
-0.00131277
0.398373
-0.498543
0.126508
0.208473
-0.0748037
-0.333954
-0.357899
-0.0442018
-0.246799
-0.195877
0.242873
-0.312246
-0.0260903
-0.00180718
0.0281575
0.198484
-0.107803
-0.0284048
-0.0942088
0.0605871
0.166632
-0.145997
-0.184448
-0.0643627
0.179172
0.522938
0.0989944
-0.136676
-0.0384529
-0.287013
-0.156704
0.253507
0.288677
0.113689
0.483946
0.437634
0.5416
0.118631
-0.087593
0.0892825
-0.00974927
0.107475
0.158376
0.423354
0.540983
0.266654
0.184662
0.207444
0.216255
-0.235909
0.277091
-0.00976443
-0.240825
0.137787
0.118654
-0.10388
-0.0378995
-0.385119
-0.107701
0.0753525
0.0730278
0.171701
-0.149597
0.152773
-0.0924339
0.329606
0.159686
0.0186419
-0.459422
0.109511
-0.0498901
-0.0473766
-0.0671017
0.146867
0.112658
0.392466
