0.2818
0.171716
-0.262988
0.0374359
0.0310485
0.12126
0.0409335
0.0752465
-0.177485
-0.0980873
0.224528
0.0763835
0.06152
-0.20098
-0.0981963
-0.289309
-0.0415722
0.102317
-0.138346
-0.267316
-0.258785
0.107925
0.239004
0.0718045
0.12712
-0.120635
-0.0375751
0.306377
0.044168
-0.121805
0.0969477
-0.117783
0.0665226
0.151938
-0.00164191
0.188635
-0.104799
-0.324399
-0.240954
0.0607093
-0.0104082
-0.351448
0.132196
0.280039
0.0108658
0.068942
0.354274
0.162248
-0.131639
0.240735
0.213686
0.362247
-0.117184
-0.207572
-0.00204851
0.0351575
0.0845247
-0.210177
-0.10192
0.148554
0.0823502
-0.101754
-0.0617012
-0.0759009
0.0747569
0.123719
-0.00265913
-0.0441844
-0.23095
-0.264634
0.0363841
-0.0455373
-0.0984334
0.00713945
0.0718705
-0.0520044
-0.108658
-0.0228343
-0.102786
0.0102053
0.13201
-0.0209883
0.196064
0.284261
-0.0344444
-0.166297
-0.156381
0.145205
0.218599
-0.250741
-0.221043
-0.400693
0.232251
0.336789
0.278477
-0.296226
0.222124
0.03043
-0.300177
-0.0820957
-0.154131
0.0954075
-0.23593
-0.037754
0.00142638
0.0729691
0.129923
-0.0319493
0.0429415
-0.15354
-0.0108122
0.0595118
-0.0949961
0.178984
-0.0118548
-0.375524
-0.212237
0.258342
0.392845
0.278512
0.0244069
0.133382
-0.195239
-0.00702836
0.019351
0.0475215
0.0646926
0.183815
0.368116
0.375159
0.0246967
0.00178376
-0.195088
-0.394278
-0.0903041
-0.145405
0.0248326
0.21886
-0.325362
-0.0316676
-0.216717
-0.355839
-0.0744274
0.260837
-0.0299182
-0.137522
-0.157031
0.178759
-0.206111
-0.166894
-0.119439
0.0521603
0.186539
0.0447158
0.052728
0.0212074
-0.0818933
-0.142307
-0.408974
-0.0446762
0.352131
-0.215408
-0.065825
-0.0999761
-0.238316
-0.31598
-0.303498
0.07512
0.167256
0.131265
-0.0173946
-0.0408249
0.171638
0.0257641
-0.0148063
0.357131
0.0196245
-0.217063
-0.239714
-0.401074
-0.142071
0.0965194
0.337769
0.0224812
-0.145995
0.187819
-0.228355
0.123549
0.177916
-0.106555
-0.431365
0.228261
-0.262819
-0.158974
0.285277
0.124559
-0.283749
-0.110461
-0.174086
0.126895
0.156362
-0.252809
-0.0919523
0.223592
0.14318
-0.00622037
0.021402
-0.120933
-0.22088
0.102012
0.0320464
-0.0360994
0.0444297
0.010332
-0.0655762
0.0447174
0.238564
0.0584144
0.133682
0.132088
-0.0314361
-0.0362936
-0.255472
0.184983
0.167429
-0.179748
0.0671972
-0.0245127
0.0374263
0.0809303
0.231961
-0.151949
-0.135481
-0.435469
0.096868
0.290997
-0.107762
0.324724
-0.110702
-0.0613509
0.0305507
-0.0521907
-0.216372
-0.389401
0.102761
0.122485
0.0889985
-0.257982
-0.0766496
-0.0470837
0.3903
0.258474
-0.312458
-0.0109738
0.0152656
-0.394932
-0.381326
-0.0400389
0.205911
0.146236
0.0357042
0.12706
0.0720329
-0.219411
-0.093983
0.137611
-0.032239
-0.176707
-0.431416
0.00210766
0.244987
0.171714
0.233451
-0.0690587
0.192147
-0.0163481
-0.0210171
0.47193
-0.1322
-0.305946
0.0807615
0.105366
0.078159
-0.144829
0.0358794
0.299285
0.0977056
-0.283103
-0.180593
0.102806
0.180292
0.10436
-0.243102
-0.0944086
0.0883549
0.191655
-0.0127749
-0.152052
-0.0307688
-0.130084
-0.0113929
0.153648
0.0779279
0.33593
0.172724
-0.152677
0.122139
-0.154035
-0.136217
0.111239
0.0350203
0.161701
-0.273324
-0.0772255
-0.0363035
-0.114634
-0.117724
-0.223307
-0.106518
0.128724
-0.0870633
0.025369
-0.264437
-0.27385
-0.279797
-0.0195895
0.0860825
0.0586581
0.126954
-0.150631
-0.33354
0.0643695
0.148999
0.168092
-0.0296608
-0.28828
-0.17105
-0.189483
0.346687
0.0398597
0.0267301
0.0548924
0.334047
0.303365
-0.266939
-0.333347
-0.212139
-0.174596
-0.36389
-0.104585
0.398717
-0.0312068
-0.0100954
-0.0522377
0.230727
0.029988
-0.0258405
-0.359124
-0.0873666
-0.0864826
0.0252136
-0.0575944
-0.0797082
-0.244027
0.119847
0.0101974
0.1728
-0.138156
-0.305597
0.233007
-0.0326062
-0.135951
0.228445
0.433831
0.201751
0.0189444
0.0850484
0.00428336
-0.126851
0.1123
0.254692
0.125795
-0.147926
0.0960132
0.232711
-0.0270784
0.239229
-0.160324
0.0793164
-0.103788
0.022145
-0.0659288
0.0272617
-0.112578
-0.18393
-0.131859
-0.218248
0.257019
0.133929
-0.126407
-0.231013
0.0370479
0.242934
0.0463731
0.399434
-0.0397885
-0.00239976
-0.00166491
-0.0778287
0.0712733
0.226999
-0.141703
-0.121943
-0.156017
-0.0883703
0.0129988
-0.0470153
0.223346
-0.0883805
-0.0458323
0.379434
-0.18098
-0.0531004
-0.101352
0.167192
-0.0881908
-0.175383
-0.0246134
0.0632587
-0.472618
-0.115928
0.0566722
0.24582
0.0457695
0.168326
-0.155144
-0.208325
0.0923404
0.1244
-0.0373942
-0.340626
-0.262973
-0.145185
0.140187
0.715541
0.232674
0.144878
0.321743
0.0423598
-0.103264
0.264918
0.0739378
-0.109732
-0.0775811
0.195577
0.245965
0.0342179
0.113407
0.07945
-0.363518
-0.000192658
0.120433
0.226954
-0.166723
-0.138274
-0.0658719
0.116532
0.271734
-0.315844
0.352545
0.186181
0.0443466
0.0395933
0.202654
0.0109387
-0.113908
0.0946562
-0.0614329
-0.0108258
0.0365577
-0.104118
-0.292413
-0.182833
0.0442915
-0.0347613
0.0918182
-0.117646
0.0404117
0.178072
-0.106554
-0.240373
0.0139341
-0.216941
-0.216928
-0.259768
-0.0471185
-0.0985168
-0.0867345
-0.0844751
-0.0422951
0.164953
0.137503
0.290053
0.225894
0.134906
0.121382
-0.0915097
-0.186603
0.000629146
-0.0912239
-0.377605
0.11081
0.185134
0.0830646
0.142693
0.167703
0.120449
0.061085
-0.296607
-0.338825
-0.168095
0.320838
0.213117
0.281054
-0.221125
-0.355806
0.25302
0.336459
0.067392
-0.254491
-0.0566079
-0.0230776
-0.042308
0.0112342
-0.200261
-0.0114807
0.0431935
0.0830426
-0.0292063
0.00524946
0.236339
-0.194448
-0.00118313
0.0963381
-0.0419731
0.0509449
0.512844
0.116843
-0.253348
-0.140029
-0.267817
0.180001
0.207877
0.214807
-0.131493
0.0567621
0.0952418
0.150338
-0.0922502
0.0297025
-0.116125
-0.361233
0.0641176
-0.0448873
-0.121726
-0.200187
-0.0337848
0.020898
-0.268283
-0.353052
-0.0198821
0.283147
0.195254
0.0771521
-0.0353134
-0.190779
0.0533036
0.109576
0.301918
0.257992
-0.0747935
-0.160662
-0.0944405
0.101572
0.0233796
-0.111983
-0.465361
-0.125027
-0.00268621
-0.00795725
0.339471
-0.00462316
-0.184478
0.106388
