0.201006
0.0391795
0.0827295
0.24517
-0.0730719
-0.253066
-0.306894
-0.397122
-0.121028
-0.0598032
0.0825104
0.110878
-0.302809
-0.261296
-0.120906
-0.0650447
0.081766
0.106621
0.188855
0.132775
0.0479856
-0.186704
-0.396394
0.19865
0.25094
-0.0128006
-0.254076
0.142866
-0.118306
-0.0930877
0.190612
0.228574
0.129195
0.281286
0.130091
-0.0696876
-0.468161
-0.523647
-0.336154
-0.286601
-0.0424007
0.140973
-0.359592
0.00990531
-0.0349117
-0.0905429
0.163218
0.0757094
0.0944859
0.300731
0.0696002
-0.0682409
-0.227389
0.0460896
0.200772
0.312753
-0.110797
-0.198352
-0.0593723
-0.441742
-0.193924
0.044998
-0.0587799
0.19094
0.00333414
0.0963143
0.0981663
0.0351115
0.0528713
-0.116204
0.287727
-0.179244
-0.102364
0.112912
0.123523
0.227608
-0.102589
-0.43602
-0.204803
-0.144132
0.0225925
-0.433268
0.14923
0.416634
0.258688
-0.101971
0.00319955
0.257736
0.0719172
-0.282432
-0.442917
-0.105953
-0.18394
-0.425506
-0.098147
0.290532
0.244264
0.32296
0.351826
-0.0754318
0.0839243
-0.122374
-0.15976
-0.166111
-0.12916
0.237198
-0.0837157
-0.322607
-0.0452175
0.340012
0.0281115
-0.140271
0.245213
0.191485
-0.106861
0.00940276
-0.0094646
0.0226388
0.23977
-0.254235
-0.260887
-0.127235
0.0478619
-0.218322
0.168674
0.00653271
0.161934
0.676922
-0.015582
0.0579184
0.162805
-0.516688
-0.312966
-0.193738
0.0987563
0.254911
0.141331
0.232367
0.183931
-0.194758
-0.274536
-0.160593
0.0762967
0.132098
-0.200624
0.119668
-0.14141
-0.120233
0.327256
0.24125
-0.121289
-0.0320204
0.0173044
-0.332664
-0.247315
0.301731
-0.0619237
0.0271892
-0.11742
-0.0992698
-0.281461
0.260467
-0.0650901
-0.323652
0.107447
-0.0424065
-0.136161
0.171329
-0.0376235
0.0293128
0.371409
-0.280167
-0.146901
-0.114004
0.227357
0.0186697
-0.309852
-0.449707
-0.20167
0.306981
0.114325
-0.417278
0.0740597
0.104145
-0.0166654
-0.286117
-0.11278
-0.402737
-0.17483
-0.131494
-0.201259
-0.245407
-0.131031
-0.0577747
-0.123664
-0.291471
-0.0634103
0.415455
-0.0834371
-0.142709
-0.053247
-0.266325
0.0301079
-0.149729
-0.0876692
0.228185
0.082977
-0.0711514
0.00601268
-0.185771
-0.0230113
0.00985467
-0.122289
-0.0345615
0.146557
-0.148583
-0.0755704
-0.276449
0.336601
0.447824
-0.169395
-0.136356
-0.216925
0.0685093
-0.460433
-0.184856
-0.250979
-0.0961913
-0.130199
0.183521
-0.129178
0.153322
0.0880945
-0.0176918
0.0384056
-0.1765
0.156056
-0.248293
-0.227879
-0.0762763
0.307403
0.176419
-0.241143
-0.0633917
0.109694
0.136189
-0.239394
0.24668
-0.171368
-0.173075
-0.0731946
0.393251
0.0998414
0.0382989
0.116674
-0.0418103
0.233133
-0.2205
-0.109931
0.303317
-0.00580316
-0.0934389
-0.204026
0.0295668
-0.184523
-0.134236
-0.00112984
-0.167377
-0.197013
-0.081102
-0.229019
0.446912
0.491878
0.152712
-0.0716515
0.369929
-0.103698
0.12095
0.15079
0.0640513
0.0298293
-0.104731
-0.0882813
-0.402803
-0.439102
-0.183138
0.0745865
0.0851446
0.142333
-0.00183175
0.040306
-0.0176841
-0.424906
0.0459216
-0.0644772
0.219561
-0.0591957
0.16972
-0.142458
-0.0657026
0.141424
-0.117881
-0.462228
-0.12977
-0.00584936
-0.168705
-0.0495569
0.264439
-0.185987
-0.258609
0.14656
-0.251814
0.00694006
-0.183835
0.0525239
0.00675558
0.0139532
-0.168923
-0.17618
-0.0630873
-0.103109
-0.151962
-0.242154
0.23751
-0.225568
0.280509
0.460938
0.153396
-0.164184
0.0258695
-0.412083
-0.359362
0.0750834
0.144367
0.329044
-0.00821068
0.0819196
0.0405163
-0.390864
-0.0455862
0.163202
-0.256767
-0.191864
0.257809
-0.0103402
-0.197408
0.000307312
0.215949
0.292627
0.0563742
-0.108528
0.0177334
-0.228948
0.140757
0.277996
0.0688392
-0.140707
-0.413049
-0.37742
0.108614
-0.0670918
0.133185
0.137038
0.544746
0.126618
-0.634198
-0.020495
0.0480519
0.0408202
-0.2262
-0.201269
-0.0058272
-0.0138384
0.234955
0.0701288
-0.145098
-0.118116
0.163132
0.0543847
-0.223638
0.167993
-0.252234
-0.0239406
0.247775
0.0911635
0.228586
-0.0958673
0.00504306
0.263302
0.323016
-0.0769221
-0.463854
-0.182398
-0.00962979
-0.171802
0.350059
0.243067
0.23911
0.0762044
0.213183
-0.00741316
-0.243629
0.0729108
-0.0435333
-0.0968899
-0.0203034
-0.201642
0.039245
0.0464695
-0.240808
0.0936243
0.57702
0.128563
-0.0235074
-0.247274
0.0392378
0.112711
-0.207703
-0.0910239
0.376443
0.0133572
-0.0447582
0.447819
0.0880449
-0.550539
-0.189989
-0.26892
-0.0715267
-0.023312
-0.214975
0.122909
0.381334
0.118888
0.081549
-0.170015
0.204184
0.205742
-0.399245
-0.389674
-0.00293329
-0.0175232
-0.500556
0.428664
-0.126682
-0.791591
0.0997234
0.442261
-0.0645159
0.0629838
0.106337
-0.173933
-0.471992
0.198642
0.101679
-0.302759
-0.200392
-0.0889231
-0.0496685
0.178828
0.265564
0.0653012
-0.0267477
-0.0182411
0.0100179
0.203606
0.228023
0.19655
0.10968
-0.118295
-0.11696
-0.417679
-0.27364
-0.106864
-0.235373
-0.132052
0.290203
0.254926
-0.298523
0.076435
-0.00756954
-0.168989
-0.31791
0.0414407
0.394812
0.22818
-0.216933
-0.138319
0.114588
-0.0405395
0.323166
-0.170592
-0.0650256
0.190929
-0.175477
-0.431505
-0.0653572
0.0183504
0.325026
-0.0444286
-0.340789
-0.0517048
0.0277162
0.278801
-0.179589
0.00615384
0.167119
-0.039995
0.188004
-0.28471
-0.189522
0.0444787
-0.153611
-0.108143
0.00385988
0.042871
-0.0477825
0.216518
0.320214
0.159853
0.131285
-0.187972
-0.172258
0.314658
0.563391
-0.062402
0.157934
-0.0522876
0.118599
0.050099
-0.0994295
0.237896
0.137657
0.0620066
0.0643407
-0.0326099
0.0176002
-0.536591
0.247831
0.594749
-0.378822
-0.0979771
-0.0207512
0.169215
0.0482898
-0.0394937
0.0715704
-0.466156
0.234209
0.320875
0.512957
-0.0994579
-0.0879193
-0.192802
-0.326662
-0.499542
-0.340825
0.202133
0.170989
-0.00588345
-0.247645
-0.0160497
-0.31452
-0.257335
-0.107333
-0.0151559
0.243212
0.0902866
-0.27529
0.0254715
0.197733
0.111937
-0.192596
-0.255697
-0.255351
-0.173886
0.0401856
0.0700641
0.0544423
0.430821
0.412962
0.170464
-0.165755
0.0420058
-0.0391326
0.200248
0.094427
0.298062
-0.100735
-0.0653408
-0.476124
-0.10254
-0.045762
0.243055
0.179493
