0.0657293
0.530399
0.0600039
-0.149862
-0.0540114
-0.401237
0.0181575
-0.25592
0.0846049
-0.0597494
-0.2967
-0.13345
-0.638885
-0.164951
0.246633
-0.00644423
0.283299
0.075418
-0.195248
0.0740444
-0.487015
-0.850482
-0.635483
-0.027375
0.568391
0.308664
0.329619
-0.35536
-0.185768
-0.0942027
-0.32835
0.124494
-0.0612283
-0.188254
0.351267
0.0842271
-0.341023
-0.268525
-0.417504
-0.512481
-0.550622
-0.473763
0.100979
-0.216902
-0.566845
0.03981
0.121256
-0.144255
0.0604297
0.243898
-0.582654
0.192827
0.331116
0.356604
-0.452782
0.265071
-0.216834
-0.0524878
-0.0317284
-0.781315
-0.338787
-0.287082
-0.00188151
0.142174
0.125411
-0.0148184
0.438781
0.476223
-0.393436
0.0169699
0.427001
0.0179309
0.105697
-0.0993737
0.35672
0.440501
0.0129786
-0.425076
-0.228534
-0.182388
0.175266
0.561656
0.595541
0.134111
-0.530031
-0.305387
0.433577
0.507714
-0.0597576
0.133729
0.0387422
-0.308873
0.302576
0.0993457
-0.136296
-0.67892
0.15704
-0.0784745
0.17165
-0.2658
-0.509959
0.151716
0.0337764
0.806687
-0.525071
-0.517047
0.247928
0.258737
-0.0778367
0.0487413
-0.160571
-0.328487
-0.158975
-0.171209
-0.0507178
-0.433477
-0.0426472
-0.175096
-0.0837715
-0.106845
0.169395
0.314464
0.532871
0.248216
-0.217586
-0.531452
0.50925
0.439228
-0.158637
-0.496296
0.119739
0.136304
-0.318448
-0.402864
0.0416007
-0.0955263
-0.25018
0.00484494
0.185183
-0.150759
0.218689
-0.554241
-0.158685
-0.263929
-0.304901
-0.210456
0.207697
-0.043495
-0.297769
-0.706724
-0.252066
0.0404475
0.529256
0.504716
-0.0131674
-0.270471
-0.262903
0.309963
0.0632032
-0.307055
0.0699127
-0.205527
0.139037
0.365416
0.165915
0.375939
0.165661
-0.155654
0.39502
0.139158
-0.276121
-0.000824955
0.289682
-0.0711345
-0.426752
0.199797
0.305183
-0.711431
-1.03764
0.239172
-0.136825
0.347587
0.104076
-0.194225
0.0949756
-0.152814
-0.384756
0.15459
0.124128
0.459454
0.0797168
-0.302866
-0.18235
0.307011
-0.316593
-0.273112
0.23263
0.194058
0.389273
0.198749
-0.605663
0.429428
0.420275
-0.265688
-0.691897
-0.142459
0.184046
0.513016
0.222784
-0.319652
0.1559
-0.171415
-0.051084
0.238012
-0.290289
-0.472788
-0.181606
0.141725
0.184021
-0.142929
-0.234438
-0.250587
-0.123244
-0.0459782
0.049729
0.00310094
0.186517
0.0641085
-0.165465
-0.0961913
-0.832059
0.215252
0.320529
-0.199876
0.104583
0.439576
-0.214796
0.061681
-0.553136
-0.190578
-0.194235
-0.446921
-0.176455
-0.0805612
-0.319021
0.44633
0.179786
0.355432
0.13593
-0.946495
0.0930936
0.341534
0.316546
-0.0495926
-0.43622
0.427932
-0.335724
-0.0597663
-0.0485074
-0.169108
0.142582
0.393995
0.658067
0.681615
-0.241805
-0.329482
-0.265316
0.0131833
0.0920669
-0.083856
-0.0304963
0.0202503
0.080916
0.235983
0.25805
0.0754963
-0.12432
0.0584259
-0.169768
-0.290802
-0.221729
0.0256725
-0.0615038
0.147644
0.318793
0.351846
0.0741975
-0.123754
-0.0214855
0.0313151
-0.0560127
-0.421132
0.0299718
0.687876
0.0435522
0.023723
0.0806328
0.524812
-0.0250134
0.0170213
-0.0820485
-0.570415
-0.290665
-0.469063
-0.0711505
-0.0207795
0.221112
0.161786
-0.518192
-0.183175
0.0906589
-0.0129036
0.00588895
-0.163397
-0.228114
-0.153487
0.326792
0.132646
0.0310758
-0.367319
-0.0727138
-0.281598
0.208586
-0.0826204
0.377413
0.0575626
-0.248358
-0.162144
-0.38549
-0.145563
-0.573637
-0.148633
-0.148359
0.333842
-0.090074
-0.27211
-0.176617
-0.431431
-0.038562
-0.342978
0.0362635
-0.208329
-0.762444
-0.39834
0.020664
0.375039
0.522521
0.72597
-0.394603
0.289458
0.133579
-0.405991
-0.403774
-0.674016
-0.0939818
0.390202
0.59286
0.615805
0.369212
-0.194846
0.457336
-0.0655968
0.541915
0.236589
-0.177019
0.382544
-0.0555079
-0.182738
-0.508438
0.523522
0.712829
-0.658009
0.0109294
0.507527
0.428767
0.0240887
0.607724
0.192808
-0.252418
0.0949725
-0.238225
0.0380008
-0.470792
-0.359572
-0.426858
0.495413
0.0245865
-0.6687
-0.107009
-0.597347
0.360852
0.513004
0.573935
-0.3972
-0.651297
-0.110584
0.0725784
-0.0487299
-0.235511
-0.280229
-0.247035
-0.465638
-0.195353
0.0385931
-0.215917
0.0786276
0.277678
0.308023
0.0280152
0.0740361
-0.33557
-0.285671
-0.047512
-0.00819583
-0.265477
-0.0517246
-0.303995
-0.614381
-0.206329
0.0739802
-0.784712
0.323526
0.0615296
0.301619
0.186838
0.476604
0
0
0
0
0
-0.897294
0.191696
0.661144
0.168561
-0.0524529
-0.327892
0.0681182
-0.121854
-0.498173
-0.275921
-0.160651
0.154279
0.421854
0.171768
0.0897127
0.2638
0.306426
-0.0368804
0.248764
-0.0150324
0.136708
-0.352535
-0.643222
0.171786
0.360461
0.120374
0.0953005
0.361551
-0.572601
0.0521908
-0.517975
-0.0885706
-0.254424
0.57616
-0.0574583
-0.060545
0.0634155
0.394019
-0.189202
0.795899
-0.115879
-0.0768978
-0.377476
0.26622
-0.12792
0.0556205
-0.381248
-0.679071
-0.0538288
0.354522
-0.0799925
-0.249815
-0.0834113
0.205261
0.0930234
-0.221185
0.501307
0.216244
-0.549828
-0.00226279
0.0134614
-0.107707
-0.677527
-0.0967412
0.15853
-0.0649279
-0.0712061
0.307405
0.565238
-0.131859
-0.460351
-0.0876009
0.279967
0.290319
-0.0431659
0.386497
0.1841
0.0177665
0.253051
-0.0251498
-0.171309
0.0612275
0.495035
0.000915144
0.218701
0.0173812
0.50864
-0.240549
-0.154905
0.156065
-0.0323457
0.0393873
-0.135718
0.0119974
0.434504
-0.377574
-0.17884
0.0671532
-0.576082
-0.385479
-0.0947537
0.393191
-0.0799366
-0.414576
-0.0958462
0.212659
-0.0602262
-0.604039
0.0029307
0.0368007
-0.0888432
0.370888
0.596438
0.473915
0.0992482
-0.108383
0.164876
-0.0185755
-0.21488
0.18565
0.655358
0.466864
0.237745
-0.547588
-0.309377
-0.0465649
-0.11675
0.469564
-0.366491
-0.181949
-0.195652
-0.380567
0.0915662
-0.457916
0.193332
-0.243389
-0.298248
-0.0509872
-0.404829
-0.733311
-0.360374
0.466132
-0.0735558
-0.251895
-0.398786
0.155078
0.354287
0.0318754
0.574798
0.132191
0.639531
0.388249
0.57277
0.00418237
0.139329
0.304951
-0.333614
-0.420614
-0.320831
-0.186747
-0.212676
0.362776
0.016856
