-0.18482
-0.0878684
-0.445439
0.134934
0.0915064
-0.369423
-0.45156
-0.271956
0.198565
-0.00151973
0.221557
-0.131374
-0.0285934
0.217028
0.429119
0.0440166
0.243611
0.412634
-0.00238638
0.0788294
0.198772
-0.137076
-0.36811
-0.116761
0.332802
-0.0210787
-0.236931
0.332815
0.0695523
-0.0328761
-0.408233
0.220379
-0.0868366
0.230917
0
0.486442
0.297112
-0.360103
-0.167144
0.129789
0.544823
0.39864
-0.277871
0.0213417
-0.102793
0.0859042
-0.0708987
0.13311
-0.174185
-0.380243
0.017194
0.0578625
-0.120206
-0.12252
-0.524064
-0.190201
0.173315
0.458924
0.132326
0.339263
-0.121411
-0.149485
0.168883
0.155712
-0.0942433
0.0450459
-0.162047
-0.559024
0.287955
-0.0219164
0.246202
-0.551466
-0.183234
-0.00832767
0.00754284
0.150806
-0.0633061
-0.261779
0.253723
-0.0465467
0.136895
0.104751
-0.118376
0.0868126
-0.609194
-0.469681
0.108845
0.128955
0.388408
-0.124817
-0.0367693
-0.0218131
0.0280872
0.000339674
0.0808907
-0.0920519
-0.275432
-0.0584927
-0.0743052
0.047227
0.18259
0.116033
0.360985
0.175491
-0.300847
0.18827
0.274287
0.287137
0.0692791
0.160816
0.185771
0.305768
-0.0758997
-0.159672
-0.0334771
-0.0431548
-0.161813
0.0285481
0.0741147
-0.585098
0.137411
-0.0393667
0.0759384
0.281707
-0.15075
-0.157895
0.0098178
-0.208768
0.0308668
0.0557025
0.0799228
0.244172
0.284919
-0.316439
0.196673
0.29146
0.179303
-0.0994916
-0.0952792
-0.0191039
-0.0370329
-0.340482
-0.154276
-0.0714773
0.0040657
-0.170293
-0.191656
0.0733589
-0.218651
-0.203876
-0.12386
0.486934
0.498166
-0.0685143
0.253849
0.0422956
0.183135
-0.0884949
-0.521851
-0.0979973
0.119165
0.0932158
0.177003
0.232815
0.0601098
-0.120803
-0.133494
0.123413
0.0455114
0.0241788
0.14456
-0.0427593
-0.566793
0.321512
0.179912
0.282318
-0.0363164
-0.219914
-0.169362
-0.08368
0.317564
0.370353
0.0202446
-0.0800541
-0.614759
-0.609814
0.049048
0.119465
0.046378
-0.000427995
-0.375826
-0.0425538
0.23291
-0.00932463
-0.187941
-0.142459
0.085834
0.513596
0.526005
0.283686
0.201943
0.00937022
-0.264544
-0.217312
0.128631
0.0677314
0.287227
0.214118
-0.0138753
-0.278262
-0.191277
-0.379973
-0.193492
0.196561
0.0885957
0.212689
0.471415
0.31348
0.253436
0.151536
-0.0959585
0.332247
-0.29091
-0.0160091
0.282341
0.0980348
0.331243
0.334388
0.0954734
-0.0958295
-0.164958
-0.126648
0.118532
-0.158985
-0.271652
0.101461
0.0425925
0.284684
0.335811
-0.0078114
0.131661
0.310652
0.120006
-0.189371
-0.0439467
-0.0301667
0.127966
0.174361
0.134455
-0.180144
0.196221
0.065639
0.400553
0.209557
0.0873446
-0.145907
-0.0739365
0.0178598
0.181512
0.179609
-0.320745
0.193054
0.0285526
0.00684947
-0.292646
-0.38245
-0.126694
-0.0314169
0.331168
0.174768
-0.188847
-0.154477
-0.190104
0.315935
0.437987
0.0224564
-0.732934
-0.541549
0.040413
0.150585
-0.264433
0.16062
0.209154
0.159521
0.167491
-0.0575018
0.147135
0.250207
-0.192925
-0.287312
0.279399
0.327238
-0.244814
-0.211436
-0.403288
-0.261586
-0.267523
-0.406952
-0.147453
-0.19833
-0.103038
0.110312
0.599038
0.589091
0.235491
-0.263206
-0.309259
0.0343893
0.117892
0.208058
-0.259586
0.160974
0.127253
0.0140852
-0.376782
-0.167461
0.256382
0.0675141
0.205962
-0.324117
0.213967
0.194982
0.40486
0.355883
-0.128369
0.308987
0.55726
0.302555
-0.0241237
-0.149448
-0.659452
-0.405696
-0.25407
0.288534
0.120053
-0.131049
0.0332755
-0.300399
-0.0272233
-0.101716
-0.119662
-0.137936
0.164251
0.107611
-0.22353
-0.0337179
0.0420603
0.23587
0.0906647
-0.292323
0.206544
0.0216086
-0.202478
-0.137452
-0.203478
-0.269091
0.0453421
0.323526
0.0256639
-0.359301
-0.085356
-0.0230152
0.315225
0.381745
0.396546
0.0304944
0.245506
0.163871
-0.581934
-0.551955
-0.232771
0.114272
-0.0757625
0.313205
-0.00725769
-0.0434059
-0.215216
-0.0273751
-0.257912
-0.226881
-0.216822
-0.175276
-0.182848
-0.215607
0.251866
0.705147
0.319388
-0.182206
-0.151492
0.147165
0.227942
0.117852
0.215313
0.148461
-0.251271
-0.000530417
-0.326189
-0.120879
-0.0317233
-0.0413145
-0.172134
-0.403235
-0.312922
-0.186863
-0.000350166
0.313123
0.303219
0.171855
0.168194
0.162912
-0.238338
-0.088717
-0.100379
0.220627
0.356368
-0.050353
-0.172659
-0.175931
-0.0510147
-0.0669443
-0.098237
0.112458
-0.184557
-0.0953197
-0.0873594
0.158515
0.286098
0.0629318
0.110015
0.100551
-0.070642
0.233357
0.216495
-0.00904907
0.115884
0.363595
0.293173
0.367865
0.28183
0.136983
0.116523
-0.304562
0.0465203
-0.269344
-0.52376
0.239111
0.11678
-0.0907889
0.308292
0.0401435
-0.0955723
0.187377
0.129908
0.114192
0.162422
-0.0896946
0.192334
-0.365235
-0.140394
0.214405
-0.246505
0.465682
0.143811
-0.0277541
0.0643087
0.0310543
-0.0418193
-0.1711
-0.134226
0.491983
-0.0998892
0.00599873
0.61389
0.560945
0.316683
0.108752
0.101175
-0.036459
-0.133828
-0.182849
0.431379
-0.252015
-0.160203
-0.341706
-0.203213
-0.244651
0.0424552
0.420498
0.0290316
-0.129497
-0.400862
-0.116139
0.0234647
-0.261822
-0.0188086
-0.373509
0.23472
-0.266625
0.15266
0.239925
0.0604151
-0.00958804
0.0295265
0.304195
-0.100595
-0.0103285
0.0892938
0.0223388
0.0104607
0.33118
-0.255309
0.126192
0.137567
-0.0186584
0.154418
-0.0323905
-0.605827
-0.166142
-0.140915
-0.199953
-0.239313
-0.0575182
0.286829
-0.16208
-0.102591
0.179526
0.0631126
0.100883
0.477414
-0.173463
-0.427234
-0.090228
-0.0550317
0.0903188
-0.199201
-0.48951
-0.303198
0.0494657
-0.0465333
0.0599326
0.245852
0.107286
-0.00666001
0.292235
-0.25193
-0.241607
-0.448661
-0.486632
-0.434649
0.286057
0.119987
0.392309
0.443749
0.0560438
-0.6291
0.0112183
-0.0776901
-0.149724
0.212812
-0.235903
-0.218223
-0.13269
-0.326314
0.361495
0.448313
0.447045
0.320959
0.0655078
-0.197928
-0.192789
-0.00120988
-0.0877437
-0.199307
-0.449559
-0.320462
-0.220306
0.00270523
0.168943
0.467919
0.369431
0.344603
0.252348
-0.0235248
-0.118814
-0.143202
-0.205368
-0.308171
-0.430528
-0.174056
-0.159039
0.470592
0.236034
0.588716
0.0860432
