-0.116535
0.0128093
-0.0436724
0.250775
0.247774
0.142842
-0.019341
-0.269415
0.0793146
-0.133147
0.165686
0.167068
0.205166
0.192235
0.533796
-0.409967
0.169225
-0.364471
-0.639579
-0.349048
-0.53367
-0.583916
-0.427396
0.103585
0.116402
0.220326
0.302823
0.212448
0.0839454
-0.10318
-0.0391895
-0.215247
-0.25948
-0.572622
0.0526091
-0.269931
-0.416783
-0.0352303
-0.0535725
-0.0905131
0.0151301
0.0450038
0.0359879
0.168357
0.567378
0.252169
-0.356952
-0.284374
0.146631
0.0729181
-0.047907
-0.0910951
0.118611
-0.144445
-0.226915
-0.0621003
0.297823
-0.00837833
-0.225076
-0.122057
0.194972
0.631862
0.463344
0.173575
-0.236993
0.0359865
0.101909
0.297468
-0.127995
0.201914
0.233088
0.0717028
-0.0861586
-0.35706
0.266955
-0.0156218
0.485442
-0.0482522
-0.242767
-0.157995
-0.451205
-0.181676
0.426261
0.208497
0.064217
0.221008
0.394919
0.0657334
-0.019976
0.417172
-0.162829
-0.424986
-0.150559
-0.345294
0.377549
0.100285
0.716204
-0.0373805
-0.057181
0.200526
0.0100006
-0.241438
-0.391686
-0.149231
0.370193
-0.0246957
0.222344
0.334112
-0.113875
-0.35209
-0.128497
0.201676
0.594865
0.281433
-0.0386195
0.154712
0.0260824
0.301168
-0.30083
-0.429262
-0.435006
0.0653445
0.229111
-0.0606141
0.0692978
0.181462
0.0201728
0.0533381
-0.139827
-0.130119
-0.196426
-0.0394119
-0.134406
-0.123174
-0.148095
0.201535
-0.151918
-0.61672
-0.650122
0.199025
0.300025
-0.168442
-0.383108
0.734302
0.150476
-0.166532
-0.244462
0.149308
0.0391103
0.0728746
0.324663
0.21417
0.214027
-0.128331
0.0315542
0.188346
0.0155362
0.22561
-0.428437
-0.349924
-0.197327
0.217844
0.0685806
-0.197235
-0.0452177
-0.277551
-0.187038
-0.044882
0.142278
0.291888
-0.407557
0.107468
0.0617005
0.132849
-0.25996
0.0313743
0.24353
0.0267164
-0.0488394
0.187736
0.102513
-0.0734155
0.103607
-0.167315
-0.176592
-0.0765816
-0.470953
-0.0623204
0.243313
0.357218
0.206943
-0.00776517
0.1247
0.344563
0.0974818
0.218634
-0.128661
-0.147578
0.174343
-0.0212169
0.0217568
0.855712
0.263886
-0.302954
-0.33586
-0.174383
-0.122413
-0.371127
0.240602
0.437273
-0.229893
0.031085
0.101428
-0.101922
-0.220676
0.250609
-0.0319509
-0.13795
0.032514
-0.0554496
-0.281549
-0.236106
0.201217
-0.360676
-0.479695
-0.0150242
0.136102
0.0678697
0.0115013
0.0850103
0.331768
0.0753587
0.459258
-0.448713
-0.330211
-0.356458
-0.315831
0.101971
0.136959
0.292298
-0.393072
0.118969
-0.0484759
-0.0605252
0.16876
-0.164139
0.119568
0.155099
0.174838
-0.302007
0.0630281
-0.0402199
0.0131114
0.30636
-0.138042
-0.0922177
-0.288047
-0.191162
-0.0768039
-0.0145144
-0.320074
-0.115896
0.102899
-0.0208931
-0.050396
0.328371
0.109901
-0.147551
0.152622
0.411642
0.0175933
0.0386738
0.30386
-0.180707
0.031495
-0.4197
-0.00405038
-0.153263
-0.188482
0.00647107
0.0243777
0.140454
0.205929
-0.160292
-0.361704
-0.0578188
0.176204
0.114899
0.0674471
-0.117157
-0.1753
0.213808
0.0547133
0.163898
-0.138901
-0.226779
0.38674
-0.311797
-0.472733
0.0207757
0.0155196
0.183093
0.526759
-0.268507
0.0719009
0.0798418
0.0980071
0.461433
-0.503108
-0.122375
-0.110953
-0.500764
-0.172892
0.311246
0.287329
-0.154824
-0.319836
-0.0331888
0.193395
-0.0304695
-0.362761
0.12635
0.00995968
-0.286186
-0.340513
-0.171254
0.284509
0.220696
-0.275754
0.368527
0.234756
0.182886
-0.0387452
0.0943621
0.489452
0.288496
-0.115074
-0.151124
-0.113178
-0.0520912
-0.277563
-0.192157
0.0975756
-0.0354112
-0.150396
-0.23193
0.0323484
0.298248
0.20086
-0.0561704
-0.202612
-0.369078
-0.407589
0.120228
-0.573677
0.0701152
0.0795304
-0.323599
0.303126
0.325259
-0.291368
-0.137978
0.13852
0.0381011
-0.014264
0.0430006
-0.0110794
-0.173842
-0.0357374
0.261738
-0.071602
-0.0976372
0.404008
-0.0425599
0.259179
0.333604
-0.105293
-0.22971
0.136511
0.355515
0.058846
0.0442078
-0.675759
0.0383065
0.0415635
-0.178034
0.221225
0.157902
-0.0337646
-0.0708285
-0.0314784
0.15862
-0.280926
-0.17719
0.154529
0.11814
-0.616828
-0.339965
0.186574
0.23435
0.298716
-0.0837539
-0.354446
0.188576
0.394084
-0.154325
0.245958
-0.0130197
-0.058794
0.436763
0.124685
0.248102
-0.159705
0.0638209
-0.20847
0.068923
0.496388
-0.0669423
-0.142652
0.0671387
0.0955972
0.0379179
0.0291635
0.387656
-0.239085
-0.21789
0.200963
-0.115743
-0.138415
-0.464934
0.00735085
0.144771
-0.0910099
-0.199678
0.145594
-0.341522
-0.0959478
-0.127392
-0.379329
-0.0514663
-0.0189953
-0.474382
-0.299533
0.17413
0.0520039
0.101391
0.518109
0.580643
-0.146899
-0.268703
-0.0138036
0.0777529
-0.060392
-0.0831012
0.158995
0.0376786
0.115246
-0.0790243
0.0947973
0.0922868
-0.0117102
0.235567
-0.221502
-0.000223877
-0.0320599
0.0794122
0.376245
-0.0740649
-0.0093296
0.0422367
0.255361
0.144981
-0.130375
-0.187506
0.0608057
-0.300212
0.03267
-0.260679
0.0403245
0.323534
0.192085
0.0338732
-0.16831
0.336679
-0.0120153
-0.50239
-0.0361896
0.083718
0.17646
0.0454412
-0.189324
0.460614
-0.135536
0.13939
-0.0756936
0.390818
-0.253607
-0.0799563
0.287403
0.119083
-0.581762
-0.205906
-0.302301
0.1603
0.0526673
0.158045
-0.266596
0.193106
-0.108047
0.123835
-0.0170252
0.252632
0.179752
-0.109813
-0.0445681
-0.196651
0.189483
0.21092
-0.22818
0.594831
0.380707
-0.326645
0.150227
0.108374
0.210645
-0.165857
-0.17892
-0.214563
-0.0922529
0.0619591
0.0546264
0.228416
-0.0876454
0.00742316
-0.471562
0.244771
0.327618
0.143137
0.107126
-0.436968
-0.00897278
0.163676
-0.0407365
-0.317468
-0.094604
0.058406
0.00133078
0.0500238
0.23384
0.438761
-0.0421503
-0.183169
0.174653
0.308089
-0.16726
-0.151659
0.420519
0.36709
-0.0746672
-0.435337
0.332915
0.165102
-0.123762
0.00226686
-0.570011
0.0776609
0.214224
-0.153544
0.211023
-0.0944156
0.0274818
0.466799
0.0783199
0.0560651
0.190023
0.0408774
0.357172
0.146246
-0.032941
0.0151919
0.0696812
-0.137128
-0.0124728
0.757688
0.00739114
-0.0443713
-0.310304
-0.21981
-0.457072
0.156994
0.165579
-0.0943526
0.401262
0.13616
