0.3391
0.0319563
-0.244862
-0.0491548
0.0801441
-0.454229
-0.697763
0.12379
0.519498
0.163209
0.297333
0.51982
-0.599677
0.0167551
-0.227584
0.050288
0.236083
-0.151894
0.123336
0.290394
0.638958
0.119002
0.487027
-0.0546111
-0.383409
0.206568
0.383622
0.433782
-0.359524
-0.513556
0.274964
0
0
0.215148
0.425825
-0.100827
0.157418
-0.337788
-0.21701
0.051193
0.487911
0.336068
0.0683225
-0.453713
-0.292725
0.265512
0.0135595
-0.0863338
-0.492364
0.291994
0.444991
-0.0862954
-0.263282
-0.0752302
0.0606164
-0.0734012
0.224324
0.171757
-0.291558
0.39115
0.250469
0.247358
0.14441
-0.132782
0.236351
-0.178233
-0.176366
-0.338571
-0.0426206
0.0317648
-0.376385
-0.0990898
0.0680129
0.0506727
0.192546
0.24781
0.483247
-0.256986
0.00725319
0.0198438
-0.37833
0.391825
-0.187846
0.0608448
-0.457515
-0.222705
0.224455
0.125538
-0.161643
-0.328048
0.253731
-0.193897
-0.00936099
0
0
0.432636
0.291116
0.263128
-0.0692469
0.20419
0.176667
-0.324383
0.428923
-0.497857
-0.181747
-0.469354
-0.282519
-0.011014
0.158987
0.212012
0.0808219
-0.179659
0.166045
0.331358
-0.0241934
0.0573605
0.254064
0.0686768
-0.138241
-0.0310127
0.0671848
0.410504
0.0153531
-0.192037
-0.129628
0.333113
0.0894602
-0.0132764
-0.381914
0
0
0
-0.17145
-0.0266321
0.347567
0.200765
0.263863
0.411319
-0.41718
-0.136071
-0.23227
0.395253
0.337012
-0.11581
-0.26365
-0.174017
0.455952
0.0156037
-0.293267
-0.0134739
0.0964775
0.327787
0.203479
-0.269275
0.12403
-0.0290687
-0.310488
-0.177553
-0.060209
-0.279343
0.12272
0.165541
0.735275
0.460232
-0.0634638
0.0705925
0.422856
-0.102282
-0.263413
-0.00835388
0.18794
-0.00443828
0.205312
-0.118979
-0.178381
-0.232262
0.0189384
0.311485
-0.108076
0.0529509
0.136858
0.371155
-0.323284
-0.0288755
-0.0469173
0.0134837
-0.330241
-0.471551
0.196622
0.58402
0.107633
0.16479
0.0376733
0.106204
-0.125751
0.296707
-0.128965
-0.201008
0.342116
-0.0833301
-0.120846
-0.428571
-0.0433454
-0.224256
-0.439167
0.3187
-0.261687
-0.137785
0.439439
-0.189514
-0.431251
0.189954
-0.00119014
0.400026
0.396483
0.309716
-0.0343352
0.0978922
0.241199
-0.0955828
-0.675093
-0.536936
0.118297
0.364224
0.0101201
-0.235485
0.132002
0.353704
0.385311
-0.122696
0.00134688
-0.186063
0.0909676
-0.0886633
0.226692
-0.0908209
0.269984
-0.277162
-0.0209748
-0.072586
-0.209936
0.112753
-0.224408
-0.092093
0.130829
0.000779603
-0.341916
0.344187
-0.393285
0.0929417
0.318909
0
0.0558461
-0.302664
-0.244241
0.042346
-0.31355
-0.268851
-0.041308
-0.10626
0.244827
0.392749
0.2305
-0.0880237
-0.1753
-0.0461778
-0.297415
0.0125245
0.383047
-0.105939
-0.389131
0.0481862
0.0392793
-0.0246003
0.382091
-0.129602
0.220106
-0.141926
0.223978
0.051522
0.203129
-0.154891
-0.229303
-0.706763
0.272593
0.525146
-0.372187
-0.0206825
0.326119
0
0
0
-0.0869057
-0.0247499
0.558021
0
-0.348636
0.0600185
-0.178411
0.276396
-0.164472
0.406069
-0.0265278
0.273143
0.189862
0.415024
-0.189259
-0.176582
-0.0444024
0.383116
0.10156
-0.430009
0
0
-0.407271
-0.0307712
-0.0625522
0.0290216
0.0793181
0.17947
-0.339081
-0.25502
-0.170639
-0.0141409
-0.262903
0.445248
0.706904
0.235081
0.162494
0.101996
-0.137669
0.043611
0.185218
0.391476
0.0558283
0.121684
0
0
-0.177768
-0.216512
0.19313
0.434367
0.186549
-0.127488
0.309346
-0.113083
0.168586
0.0112982
-0.245964
-0.0277313
-0.0127194
-0.0206768
0.255365
-0.115755
-0.0969239
0.210676
-0.272195
0.038291
-0.00462713
-0.0956025
0.369982
0
0
0.067284
0.0448308
-0.0399088
-0.00340672
0.0990516
0.326544
-0.00772327
-0.196836
0.210678
-0.335811
0.484229
0.0629444
0
0.621272
-0.0820557
-0.209628
0.317236
-0.16199
0.107688
0.270791
-0.226342
-0.194009
-0.243748
-0.192761
-0.445595
-0.152984
0.220665
-0.424174
-0.118846
0.201286
0.254598
-0.106874
0.142372
0.560662
0.049845
-0.151584
-0.086553
-0.192123
-0.082421
-0.0140111
-0.365209
0.0825763
-0.0621746
-0.330086
0.108463
-0.160107
0.0972095
-0.117239
-0.191487
0.313899
-0.180705
-0.442332
-0.236664
0.271243
0.475556
0.215607
-0.114346
0.0584176
0.0248702
0.134291
-0.291493
0.0221539
0.0391688
-0.176545
0.0405256
-0.0572497
0.0284275
0.0269414
0.0868438
0.247967
0.257632
-0.0179075
0.0960633
0.0431754
-0.173655
-0.224672
0.330844
0.451143
-0.0686846
0.00212947
-0.257765
0.0885064
-0.17048
-0.0360481
0.261615
-0.255735
-0.365118
-0.29252
0.12802
0.00534746
-0.0703495
-0.00937426
0.415339
0.412851
0.148958
-0.388762
0.0739642
-0.0882722
-0.114189
0.195471
-0.390316
-0.633015
-0.159364
-0.145285
-0.184994
0.0895374
-0.174646
0.0903271
-0.157796
0.268344
0.469654
0.109888
-0.0133203
-0.21443
-0.162131
-0.259579
0.0579448
0.210331
0.044543
0.11234
-0.11143
-0.19224
0.00181652
-0.149197
-0.0868374
0.340921
-0.359024
0.35416
-0.0721243
-0.228552
0.143296
-0.239423
0.45453
0.796718
0.17486
-0.204183
-0.137807
-0.106117
-0.331605
0.0823816
0.160283
0.615717
-0.159693
-0.398202
0.161495
-0.312378
-0.0963135
-0.192443
-0.104425
-0.0233287
0.339894
0.0451209
0.41245
-0.0730297
0.178072
-0.0896921
0.328838
-0.0128563
0.0367461
-0.279427
-0.54598
0.18517
0.311963
-0.0176438
-0.0761549
-0.479901
0.0469056
0.336916
0.189526
0.275836
-0.0747533
-0.187299
-0.184165
-0.2666
-0.164897
-0.227443
-0.0644058
-0.303037
-0.0407983
0.324426
0.451013
0.315687
-0.469914
-0.383019
0.139737
-0.289521
-0.131067
0.459593
-0.0291639
0.162055
0.389074
-0.18435
0.0472499
0.132681
0.320384
0.377241
0.121316
0.128305
0.333061
0.0156806
-0.517681
0.137216
0.0638845
-0.282468
-0.00628072
0.176549
-0.22827
-0.0489994
0.567154
0.278637
-0.0869786
0.0414562
0.176911
-0.461614
-0.313455
0.18554
-0.0922545
-0.0263791
0.133066
-0.204662
-0.075079
-0.370041
0.158948
-0.0522657
0.0127377
0.0743793
0.196232
0.389675
0.177987
0.451588
0.242073
